"de_002" "de_003" "de_004" "decd_001" "decd_002" "decd_006"
"de_002" 0 1.0663321455156 0.7894667309867 1.56142251878704 1.5614474009949 1.25144466331532
"de_003" 1.0663321455156 0 0.992224777257366 1.48348746338917 1.48310771335736 1.334143210206
"de_004" 0.7894667309867 0.992224777257366 0 1.52223429065728 1.52292944450804 1.41470600508863
"decd_001" 1.56142251878704 1.48348746338917 1.52223429065728 0 0.000101495201963564 0.943466104249887
"decd_002" 1.5614474009949 1.48310771335736 1.52292944450804 0.000101495201963564 0 0.943163466578148
"decd_006" 1.25144466331532 1.334143210206 1.41470600508863 0.943466104249887 0.943163466578148 0
