"de_002" "de_003" "de_004" "decd_001" "decd_002" "decd_006"
"de_002" 0 1.07057549381003 0.758169837665425 1.56306284931842 1.56308374265471 1.25225872114965
"de_003" 1.07057549381003 0 0.973771442264248 1.49346695465532 1.49299983355871 1.33866310593392
"de_004" 0.758169837665425 0.973771442264248 0 1.53069263237246 1.53157068295257 1.42184695554871
"decd_001" 1.56306284931842 1.49346695465532 1.53069263237246 0 0.000124887870639134 0.943663144620706
"decd_002" 1.56308374265471 1.49299983355871 1.53157068295257 0.000124887870639134 0 0.943305223842531
"decd_006" 1.25225872114965 1.33866310593392 1.42184695554871 0.943663144620706 0.943305223842531 0
