"de_002" "de_003" "de_004" "decd_001" "decd_002" "decd_006"
"de_002" 0 1.08458427047242 0.817116245728034 1.52761495552473 1.52743936073232 1.25582101096071
"de_003" 1.08458427047242 0 0.980712212957726 1.49225359346616 1.49186057376021 1.29786609893752
"de_004" 0.817116245728034 0.980712212957726 0 1.51585886164804 1.51618434991412 1.39437256823968
"decd_001" 1.52761495552473 1.49225359346616 1.51585886164804 0 0.000111263386730731 0.987821572976056
"decd_002" 1.52743936073232 1.49186057376021 1.51618434991412 0.000111263386730731 0 0.988128588462893
"decd_006" 1.25582101096071 1.29786609893752 1.39437256823968 0.987821572976056 0.988128588462893 0
