"de_002" "de_003" "de_004" "decd_001" "decd_002" "decd_006"
"de_002" 0 1.05664762869787 0.72409655404099 1.58116667003913 1.58120927894911 1.24819220828135
"de_003" 1.05664762869787 0 0.924080101951086 1.49861341826198 1.49802934565425 1.37848374659814
"de_004" 0.72409655404099 0.924080101951086 0 1.56700267779404 1.56814023258533 1.43652639572742
"decd_001" 1.58116667003913 1.49861341826198 1.56700267779404 0 0.000161966253469537 0.914735341471604
"decd_002" 1.58120927894911 1.49802934565425 1.56814023258533 0.000161966253469537 0 0.914231789859707
"decd_006" 1.24819220828135 1.37848374659814 1.43652639572742 0.914735341471604 0.914231789859707 0
