"de_002" "de_003" "de_004" "decd_001" "decd_002" "decd_006"
"de_002" 0 1.07690556569829 0.835435360768325 1.5297160060166 1.53029973696318 1.24906029434898
"de_003" 1.07690556569829 0 0.993139170006134 1.48841739678791 1.48949342419109 1.30263959368437
"de_004" 0.835435360768325 0.993139170006134 0 1.50285753951419 1.50221257464671 1.39618976883892
"decd_001" 1.5297160060166 1.48841739678791 1.50285753951419 0 0.000778508758841445 0.987530768514015
"decd_002" 1.53029973696318 1.48949342419109 1.50221257464671 0.000778508758841445 0 0.986338361740017
"decd_006" 1.24906029434898 1.30263959368437 1.39618976883892 0.987530768514015 0.986338361740017 0
