"de_002" "de_003" "de_004" "decd_001" "decd_002" "decd_006"
"de_002" 0 0.975300909458527 0.720955689177122 1.61146262848109 1.61153393200348 1.26706351624574
"de_003" 0.975300909458527 0 0.882634282175098 1.52250487257943 1.52227818355096 1.42649167522135
"de_004" 0.720955689177122 0.882634282175098 0 1.54838475051059 1.54846763098224 1.44083308091886
"decd_001" 1.61146262848109 1.52250487257943 1.54838475051059 0 9.4661377225691e-07 0.914170842961844
"decd_002" 1.61153393200348 1.52227818355096 1.54846763098224 9.4661377225691e-07 0 0.914281984610606
"decd_006" 1.26706351624574 1.42649167522135 1.44083308091886 0.914170842961844 0.914281984610606 0
