"de_002" "de_003" "de_004" "decd_001" "decd_002" "decd_006"
"de_002" 0 1.07421884500252 0.809773535527866 1.53698188489793 1.53698055234859 1.25962386060489
"de_003" 1.07421884500252 0 0.985820168300126 1.50049304563974 1.50019114896646 1.30898271398591
"de_004" 0.809773535527866 0.985820168300126 0 1.5173683457374 1.51793814334832 1.40163001013572
"decd_001" 1.53698188489793 1.50049304563974 1.5173683457374 0 8.38690268188946e-05 0.960504385108668
"decd_002" 1.53698055234859 1.50019114896646 1.51793814334832 8.38690268188946e-05 0 0.960271976059445
"decd_006" 1.25962386060489 1.30898271398591 1.40163001013572 0.960504385108668 0.960271976059445 0
