"de_002" "de_003" "de_004" "decd_001" "decd_002" "decd_006"
"de_002" 0 1.09227026096259 0.838686044503864 1.51395891411647 1.5143896935686 1.26186954472131
"de_003" 1.09227026096259 0 0.99788088291794 1.48068721140507 1.48154095903311 1.29734919932992
"de_004" 0.838686044503864 0.99788088291794 0 1.50733427533105 1.50666837397898 1.37769698993246
"decd_001" 1.51395891411647 1.48068721140507 1.50733427533105 0 0.000852437836113329 0.998499177665911
"decd_002" 1.5143896935686 1.48154095903311 1.50666837397898 0.000852437836113329 0 0.997744100551497
"decd_006" 1.26186954472131 1.29734919932992 1.37769698993246 0.998499177665911 0.997744100551497 0
