"bg_fr001" "bg_fr002" "bg_fr003" "bg_fr004" "bg_fr005" "bg_fr009" "bg_fr016" "frmod_fr001" "frmod_fr002" "frmod_fr003" "frmod_fr004" "frmod_fr005" "frmod_fr006" "frmod_fr008" "frmod_fr010" "frmod_fr011" "frmod_fr012" "frmod_fr013" "frmod_fr014" "frmod_fr015" "frmod_fr016" "frmod_fr017" "frmod_fr018" "frmod_fr019" "frmod_fr020" "frold_049" "frold_fr012" "frold_fr042" "qu_fr001" "qu_fr002" "qu_fr003" "qu_fr004" "qu_fr005" "qu_fr015" "qu_fr016" "qu_fr021" "qu_fr024" "qu_fr025" "qu_fr027" "qu_fr028" "qu_fr029" "qu_fr030" "qu_fr031" "qu_fr032" "qu_fr034" "qu_fr035" "qu_fr036" "qu_fr037" "qu_fr039" "qu_fr040" "qu_fr041" "qu_fr043" "qu_fr044" "qu_fr048" "qu_fr049" "qu_fr052" "qu_fr053" "qu_fr054" "qu_fr055" "qu_fr056" "qu_fr057" "qu_fr061" "qu_fr063" "qu_fr064" "qu_fr065" "qu_fr066"
"bg_fr001" 0 0.736108426556731 0.725441623995418 0.758700457811828 0.867626186386338 1.06691777367269 0.959757394206342 0.752112934685982 1.15281816636661 1.0443153502941 1.05836292904831 0.985251272623367 1.20367487171446 1.26635069601058 1.10399175393803 1.02779338481644 1.10715665719701 1.10926700165558 1.04934303664819 1.05748909188628 1.06816358232324 1.11499690585881 1.33107158772627 1.140803265378 1.33313852385432 1.15601215022326 0.93404380684432 1.2008697886336 0.83378537604175 1.08739634728164 1.06458709509038 1.17374978155831 1.13707219957445 1.09460352819128 1.13943749551352 1.29770811792811 1.24774212112393 1.13834210107651 1.25212031659751 1.20474170624377 0.997590290425453 1.10509908031424 1.14686819187245 1.25084706105159 1.14446566783564 1.24409317656431 1.1113465826706 1.19374469559346 1.18542672374267 1.18563494139953 1.21100565303046 1.27316806870648 1.47390999938751 1.24758228141135 1.23458002960137 0.987060000647105 1.14112116312705 1.3176056578889 1.20434172549487 1.29626262068174 1.25405094298868 1.33681217104742 1.09630911611622 1.32197056800255 1.11947988334434 1.20033830147373
"bg_fr002" 0.736108426556731 0 0.798349904850276 0.828628955007775 0.870503242398753 1.026855951283 0.814976850254475 1.05883685144908 0.749785275214676 1.09308064670568 1.06399275509241 0.987521790841577 1.25694128069045 1.26511366774399 1.0664465040913 1.00399614608543 1.01008611511924 1.16052488176631 1.02083924840807 0.968088823769815 1.06173287739471 1.00569423549306 1.25844986889985 1.11372421108631 1.30118722365487 1.1553476700573 0.910699041379697 1.06855229713266 1.04610968918952 0.825022744340889 1.07463304300961 1.09396842763703 1.16314947587753 1.02858138465322 0.999527603282352 1.36970079014005 1.30679508551817 1.07304311795971 1.10363183687981 1.2503721990536 0.948142044252419 1.13157579877744 1.18784978188582 1.18719260404142 1.07302719892449 1.21754884208432 1.16033856262481 1.15584973382358 1.23708487246716 1.11111917613783 1.07029018341463 1.30906341131792 1.38399044001989 1.25169604973764 1.10858152780502 1.01423342200687 1.09732121012233 1.1535460687403 1.0415897301161 1.3472568743443 1.07688092818986 1.27763235210817 0.991362728816185 1.20841962501777 0.96962489125291 1.1069243743691
"bg_fr003" 0.725441623995418 0.798349904850276 0 0.745998538713534 0.940165770770958 1.21061734271436 0.961303403601811 0.998634726903826 1.05742256293861 0.7585837231465 1.03140155726832 0.955827372958663 1.24543607312787 1.25558023877133 1.08498507063031 1.0741976491724 1.04022150323341 1.10120834036951 1.00834126465667 1.05033327836038 1.01256088638604 1.0523735838222 1.18342299800602 1.15080339444141 1.25886708335571 1.21349852376107 0.976867543627609 1.16111981427002 1.01493663828585 1.13623074943191 0.893017815922053 1.0992905159924 1.15616734690244 1.14651811545319 1.10416777021471 1.26387761043961 1.3652485610573 1.26959769794992 1.32874884064428 1.18034583567142 1.16505449604296 1.15076527881 1.25070985530089 1.2765578503648 1.36105871856928 1.3661515677248 1.153464555169 1.31211377064888 1.19141139877124 1.16288642893062 1.26067272642874 1.31667029261473 1.44892326536974 1.24379417935177 1.30817428832534 1.00379242578723 1.24527539343062 1.30211959558167 1.17769093702261 1.30752504821905 1.14440583295294 1.29219902732941 1.21586040567557 1.28097395635188 1.10529870765658 1.1236403015798
"bg_fr004" 0.758700457811828 0.828628955007775 0.745998538713534 0 0.843239931293913 1.21341143065308 0.927151955321117 1.02373656729115 1.14226775570185 1.15987378135796 0.736039881678611 1.05368785135236 1.30357855667669 1.31842602583464 1.16607149485718 1.13728616014959 1.08147186152424 1.1828630347487 1.04311935512892 1.06410846225918 1.10350857468901 1.14809665211015 1.38739208696248 1.11504679496112 1.23199357020333 1.22161770840063 0.89291109869267 1.10403783970228 0.934142740669203 1.11958077249334 1.0886190972911 0.89808240771801 1.12849175298244 1.1076518185764 1.07365086207371 1.43688292924214 1.38798134586182 1.23847016891003 1.21695976039896 1.18404816058116 1.10882333554259 1.12343954704988 1.18746702858733 1.22688741259324 1.24862002151363 1.3159371643517 1.12214129869529 1.21822860094522 1.244738334018 1.14165999723398 1.11266721251107 1.2204718092199 1.48757547412109 1.31588352659346 1.19685170055155 1.08088470503734 1.11378190707832 1.2480907714561 1.28101230957958 1.43830158348065 1.22577011825801 1.33308555521231 1.09594094445144 1.38990633383601 1.0684582010964 1.05957419767553
"bg_fr005" 0.867626186386338 0.870503242398753 0.940165770770958 0.843239931293913 0 0.948336401596247 0.82060462259644 1.12238172110185 1.15977932123029 1.29978468022489 1.12139618668211 0.85512137308629 1.06854515538078 1.15744516100525 1.09946024714641 0.933384570742411 1.18516151327372 1.07581491873619 0.940773693623065 0.92877531894111 1.02356225435378 1.08396205471318 1.06646997316569 1.07229601987364 1.19814519485828 1.24434250250441 1.05909580250681 1.29291060837427 1.03077878498677 1.12902328371989 1.0824105825338 1.18585704009484 0.876579641086358 1.03445518295626 1.02608522645486 1.24622987248343 1.20421892816229 1.17931512949826 1.25026105564642 1.26586812200518 1.06682083478446 1.01719253656069 1.1041903505785 1.1364909953471 1.20621572005332 1.21120800955956 1.14452757695268 1.33503354223009 1.1202764343136 1.27332978216764 1.17247112696031 1.39693752546154 1.33689865922922 1.2305962380612 1.15421072008058 1.02281709742901 1.22776982033932 1.21720795718785 1.1480732282223 1.17730972601063 1.18960306678118 1.21392713198046 1.18676388173524 1.23832856234778 0.967510071702412 1.14720124307488
"bg_fr009" 1.06691777367269 1.026855951283 1.21061734271436 1.21341143065308 0.948336401596247 0 1.15215136887344 1.34631014895894 1.20920866661341 1.37737554325514 1.37947068730076 1.18011747352972 1.19480075620291 1.14964573872097 1.07839312861802 1.15942214470884 1.35886982445618 1.22627487304166 1.11411164079168 1.21781403058434 1.22084205483448 1.1439310757131 1.25108328721112 1.29922495943907 1.31346833670991 1.36075346230801 1.31043578659288 1.37913249973771 1.33371635920523 1.10025269541025 1.23086236992252 1.27560732290459 1.17658056948088 1.34987189776579 1.35308008628763 1.46351773938509 1.24983559649278 1.26330499599866 1.33926518205397 1.34662736801899 1.11459198915779 1.29625367286555 1.18491851876516 1.42847458097964 1.27920390705317 1.27622424871921 1.28572804005397 1.36980719774159 1.31454273958764 1.25744238968424 1.34553327828347 1.42717085125908 1.54082105736684 1.53759427874967 1.31400184093304 1.28279749619962 1.36770353834833 1.23722626549351 1.29143715382226 1.47583274888443 1.41573259075824 1.4568153356819 1.28531406028177 1.46783024531279 1.1329771633139 1.38617309709348
"bg_fr016" 0.959757394206342 0.814976850254475 0.961303403601811 0.927151955321117 0.82060462259644 1.15215136887344 0 1.20418217147062 1.15104014463152 1.21595605148508 1.21789357142932 1.1377327617101 1.18785756596066 1.32559123061107 1.20190756093213 1.11174421606738 1.11983343851777 1.10699853324716 1.0596100365413 0.966642337805865 0.665850493555039 1.00993205433568 1.2442794538418 1.19434054833815 1.11859930107934 1.22126537971253 0.977260053120019 1.12057364910498 1.19928158623103 1.15670806040238 1.18148446630607 1.21884441227944 1.12176520513968 1.05121971929673 0.759491031841362 1.24053640500631 1.22273124743923 1.08661074135251 1.13972578752006 1.16194466252021 1.04485837659452 0.920048144947234 1.16852833087753 0.969787493627079 1.17594957747949 1.17171185513042 1.1284980449628 1.27573655397403 1.1170652094807 1.20966677519705 1.05166829310709 1.33922145031288 1.36727323274457 1.12240948807118 1.13286179926258 1.02696381943364 1.17183350459536 1.2090156452314 1.11031785927223 1.23479960665198 1.16756594312199 1.21064754885836 1.16032013519489 1.20333414211168 1.02714196154479 1.15483100554463
"frmod_fr001" 0.752112934685982 1.05883685144908 0.998634726903826 1.02373656729115 1.12238172110185 1.34631014895894 1.20418217147062 0 0.855959805041334 0.759575721098717 0.682366345000622 0.702118187712493 0.999461070884542 1.05481397464373 0.814720106173592 0.782203441702945 0.813573069942739 0.833299085722831 0.824360130047035 0.90758216142978 0.854633287197145 0.894081340826255 1.09046111420436 0.820175759787086 0.995923815054009 0.910270608251596 1.02153562378516 0.944010786441655 0.887706276304117 1.14650210582316 1.1398407627221 1.17242328498305 1.16399380652653 1.12235574409889 1.14108288411254 1.40358671965803 1.29631787094637 1.1613087394173 1.25910734017249 1.25982147743184 1.16758797311843 1.22546858499583 1.19182290352503 1.30480496977185 1.25104566059117 1.2853113154879 1.19232587339338 1.21396147791894 1.33018933074629 1.154361713923 1.22223277231747 1.25904648031697 1.51928911680235 1.26885772766484 1.3250075243822 1.16245976596899 1.16284313127936 1.36990684797312 1.25766313508673 1.342579350603 1.41594835803748 1.3792763515883 1.23566085596269 1.3884638637283 1.09272175014773 1.30449408338448
"frmod_fr002" 1.15281816636661 0.749785275214676 1.05742256293861 1.14226775570185 1.15977932123029 1.20920866661341 1.15104014463152 0.855959805041334 0 0.743474460240981 0.874973687707979 0.698678535457078 1.00943187914215 0.989394322827087 0.691374532334912 0.809899286995077 0.811873335180922 0.861739319478823 0.831179081629282 0.876294943580696 0.848272067587123 0.749203425216234 1.02120556438544 0.773545284724817 0.991003461876506 0.981895843163611 0.98910254459332 0.914864501120118 1.19218409234148 1.00451266815985 1.13843203473012 1.20656775152679 1.14092530432821 1.04375771783876 1.11802322657514 1.45740721970384 1.34390128410868 1.11534070360735 1.15849887172639 1.26853324871166 1.01956130374329 1.27795852719941 1.15603333842256 1.31012242096172 1.22273041354815 1.21018185323682 1.21341791939635 1.21732647471813 1.2128855012477 1.12452787268535 1.11127029860422 1.33115817031922 1.43522441375154 1.38883545264904 1.20126243400417 1.19106287575221 1.22729232704632 1.23809811113722 1.09865501771209 1.3439380745054 1.1863632463904 1.3057623664413 1.07968773594285 1.27643840267343 0.973993607784729 1.23898211388984
"frmod_fr003" 1.0443153502941 1.09308064670568 0.7585837231465 1.15987378135796 1.29978468022489 1.37737554325514 1.21595605148508 0.759575721098717 0.743474460240981 0 0.813005611891268 0.756027581845602 1.10320434838574 1.10440255975434 0.795963533216696 0.934169576971726 0.770371128659451 0.813215199276108 0.890133780957622 0.914283496641353 0.836608164139884 0.845059095787321 1.03111921223119 0.851642936956339 1.10869240323912 1.00321540843231 0.972580692676516 0.980870432526517 1.12285407816838 1.22500866683756 0.957140009339945 1.14763440726184 1.22407312440712 1.16880195839397 1.10357627999847 1.3231426531849 1.36096841981348 1.23755902033606 1.26309364829464 1.21913949211059 1.21982675073466 1.17587153901107 1.24743593211589 1.29415870302846 1.38735747201192 1.35142250643248 1.13260128384289 1.29508805766818 1.12723916027041 1.10375522182752 1.1516806928503 1.26195204744883 1.50684982040957 1.33410976407963 1.27301449118142 1.07096161541959 1.22352629218193 1.34954241897499 1.24534808405334 1.27362956672592 1.24834236092411 1.36236344777705 1.10809042082548 1.3888145512969 1.11777340911884 1.24357240555332
"frmod_fr004" 1.05836292904831 1.06399275509241 1.03140155726832 0.736039881678611 1.12139618668211 1.37947068730076 1.21789357142932 0.682366345000622 0.874973687707979 0.813005611891268 0 0.812690162003614 1.1299732872259 1.15526458245118 0.84542463933603 0.960378556764836 0.735475695286584 0.93304105680803 0.797828893362957 0.894493203913446 0.962383727332448 0.93039238056159 1.17313600919687 0.860932750228022 1.0223876016545 0.978719707663511 0.974888003040633 0.950549253991568 1.02054705368079 1.16615321835632 1.1074120168281 0.954494985604822 1.16364047504968 1.12626431057576 1.09814598241318 1.43624246752315 1.38915915781733 1.21155259368523 1.28587021675406 1.30528678858493 1.20415209930666 1.26499343934077 1.20917906271683 1.28520759975028 1.3043623376783 1.37006883307932 1.15680040136612 1.24597136267716 1.33094950600438 1.14940161628194 1.13971558790304 1.25803662943987 1.57506584294753 1.39540525134115 1.27483128485877 1.20658516979935 1.16607783148342 1.3383680866917 1.33016979702241 1.4897672666789 1.39689087491936 1.4600499934938 1.17597473650768 1.52865655672694 1.07648658910955 1.14977702228593
"frmod_fr005" 0.985251272623367 0.987521790841577 0.955827372958663 1.05368785135236 0.85512137308629 1.18011747352972 1.1377327617101 0.702118187712493 0.698678535457078 0.756027581845602 0.812690162003614 0 0.854393982432813 0.853207978136897 0.731795250339729 0.662836451257016 0.888468266993367 0.725783936536677 0.705025081667222 0.776902160278924 0.739418137652873 0.817771506174195 0.8497362426502 0.73220681888279 0.904863751295026 0.896479772960249 1.07252602890387 0.997399176538627 1.04997412297524 1.06313698513879 1.05304635800622 1.17185549381383 0.929194177702654 1.04916519098228 1.03991147095187 1.24005017550242 1.18501167099194 1.08503224678493 1.12006394916099 1.21255513593644 0.97069419615946 1.06716727767606 1.06528147348464 1.17077096963863 1.19123436954463 1.16177185804953 1.05960003399413 1.21952950932799 1.09695212250124 1.16643004308885 1.13949529711211 1.28696840400712 1.29187058102741 1.14688944259081 1.15459160194297 0.996197259336367 1.1158450204278 1.24572344439801 1.03881677315025 1.19265052877612 1.12721373289014 1.23799169403332 1.11827313203718 1.14671850078365 0.958175405806049 1.08867780313265
"frmod_fr006" 1.20367487171446 1.25694128069045 1.24543607312787 1.30357855667669 1.06854515538078 1.19480075620291 1.18785756596066 0.999461070884542 1.00943187914215 1.10320434838574 1.1299732872259 0.854393982432813 0 0.825672199391762 1.00017504062927 0.797526976734577 1.17492780545944 0.675724459402311 0.869083847831842 0.878135595211145 0.890839295326956 0.951061514716661 0.907649326264105 1.09230727331354 0.769323539115096 1.10098498057436 1.31958861945919 1.22780382896428 1.18073184745183 1.25727296226869 1.18355215962238 1.32467785708395 1.00134339036825 1.12179651492985 1.09852364088364 1.2064729501535 1.00943771831939 1.36088712110606 1.33552985934482 1.21625991078105 1.09631977253316 1.21060675179599 1.20853834601549 1.3174497485104 1.34030030883162 1.21332549151802 1.1916174441678 1.46790484936024 1.24715933682832 1.32133045295719 1.35566391663633 1.44733092191097 1.1284728843435 1.16449565791397 1.24389668901168 1.2443185335327 1.26847031670966 1.22877587401927 1.02881637783704 1.26258240835331 1.10730724415879 1.34455523130684 1.39975809427541 1.15076770887467 1.13426212265695 1.32722282896628
"frmod_fr008" 1.26635069601058 1.26511366774399 1.25558023877133 1.31842602583464 1.15744516100525 1.14964573872097 1.32559123061107 1.05481397464373 0.989394322827087 1.10440255975434 1.15526458245118 0.853207978136897 0.825672199391762 0 0.908199992078844 0.872891631378072 1.13356872666709 0.834059171951817 0.864347884835977 1.00072055774819 0.948606313305512 0.988821336552286 0.84823797581304 1.06263117355245 0.904511004179323 1.07988085568326 1.28166721887586 1.22972776977905 1.23997211816324 1.32931932176806 1.3933720152998 1.35070665714095 1.21818401745121 1.34435994106947 1.28877667432126 1.40173105344118 1.24061463365096 1.39515059585768 1.53100981868512 1.46509674237912 1.22832114776063 1.3062672951989 1.33759259448406 1.51602517639717 1.34556506663192 1.2713924891516 1.35445345933193 1.52982587929327 1.44827313002328 1.43334749261255 1.48056260041164 1.54071982443863 1.38645773295654 1.3903881188488 1.37461320134822 1.26046759643199 1.39170065614584 1.3791146379239 1.11794291309865 1.49414888590538 1.34666442365488 1.48877332464601 1.43125296012161 1.20825857308497 1.14874686036412 1.35032687043455
"frmod_fr010" 1.10399175393803 1.0664465040913 1.08498507063031 1.16607149485718 1.09946024714641 1.07839312861802 1.20190756093213 0.814720106173592 0.691374532334912 0.795963533216696 0.84542463933603 0.731795250339729 1.00017504062927 0.908199992078844 0 0.876729355843725 0.799193319975722 0.775321227451235 0.724818297724949 0.909810446809533 0.878489047294612 0.851287140236419 1.00224224088289 0.879333884495508 0.969952255637724 0.969554466251466 1.00952247996038 1.0436032080373 1.13525251507823 1.1640078983184 1.12177628899973 1.12582383640611 1.22095036089746 1.19679438830202 1.18559804293759 1.39108246859286 1.25361972828666 1.1010369081727 1.25220648499057 1.3000326933686 1.12372478152886 1.27463699230082 1.12063009110039 1.3990087212242 1.29226107915965 1.19003096215868 1.24825058807565 1.35215427490325 1.3271015970727 1.24820461967327 1.21570382489675 1.32398952959013 1.51150776269008 1.38060387322782 1.3080956784277 1.16903658883152 1.2326402236863 1.23459542210221 1.17423246642767 1.40912715009772 1.3135694172554 1.44721282043348 1.20549266486327 1.41861320686274 0.962196806697422 1.23606017377583
"frmod_fr011" 1.02779338481644 1.00399614608543 1.0741976491724 1.13728616014959 0.933384570742411 1.15942214470884 1.11174421606738 0.782203441702945 0.809899286995077 0.934169576971726 0.960378556764836 0.662836451257016 0.797526976734577 0.872891631378072 0.876729355843725 0 0.965194358166052 0.788664475019755 0.764991858176068 0.704131756373027 0.758903928889435 0.765946611893057 0.923378851887019 0.84946786870101 0.82273992862439 0.96513825233124 1.11947929350353 1.00373123405377 1.0235200425153 1.03200837800879 1.14945542689313 1.17474401262146 0.9942036917571 1.08075652855697 1.00383712059062 1.13819811663455 1.1660802988557 1.01668937285432 1.13756715634574 1.26801977458841 0.956894655873656 1.08204379609647 1.12715106681254 1.12653124492419 1.13026496898883 1.10051261223742 1.04480440319938 1.20035388990703 1.13170751660451 1.13330406179848 1.11701804218757 1.30796383752648 1.3044860804451 1.14538365842873 1.14581089234022 0.994603986748095 1.18338284622559 1.21545473105647 1.01499407132938 1.16524611021053 1.25059485207283 1.19088048195175 1.13277543336258 1.15342717160526 0.880007116660667 1.14017226935527
"frmod_fr012" 1.10715665719701 1.01008611511924 1.04022150323341 1.08147186152424 1.18516151327372 1.35886982445618 1.11983343851777 0.813573069942739 0.811873335180922 0.770371128659451 0.735475695286584 0.888468266993367 1.17492780545944 1.13356872666709 0.799193319975722 0.965194358166052 0 0.940687211797 0.745476442625813 0.770198868254604 0.82616151891829 0.904885045046984 1.07187865969315 0.705593098151108 1.02281140126614 0.810876427814306 0.459580924900671 0.784283083060122 1.12055626404011 1.18720113639688 1.10391186804286 1.21386112011821 1.23561379614282 1.14453593530667 1.10957229412956 1.28091235278444 1.31251904188196 1.20672993165176 1.14935964230826 1.22181849210096 1.24134356518813 1.22699828966243 1.20739771627411 1.21109271539096 1.25246911499398 1.27058095290191 1.16452986455468 1.14922763862148 1.3278025002789 1.12297351096022 1.13368891023999 1.20925082662518 1.50286830544507 1.22874505469166 1.08844904245079 1.24417221821849 1.17278302194991 1.23679888121022 1.12903863802672 1.27382431525061 1.25079753766496 1.3512706164143 1.04715718089809 1.45004448806964 1.00247428094658 1.09762205197002
"frmod_fr013" 1.10926700165558 1.16052488176631 1.10120834036951 1.1828630347487 1.07581491873619 1.22627487304166 1.10699853324716 0.833299085722831 0.861739319478823 0.813215199276108 0.93304105680803 0.725783936536677 0.675724459402311 0.834059171951817 0.775321227451235 0.788664475019755 0.940687211797 0 0.674947537092412 0.769043486807312 0.763366260690328 0.809968128344115 0.78485730918468 0.843502837674401 0.864918683043811 0.981214019754005 1.10848813370759 1.06871651403179 1.14218245940779 1.17475613627481 1.07172010231607 1.21061938606135 1.05355223820275 1.04491646449918 1.0304100831315 1.13043869641735 0.997141958488587 1.14643688151358 1.20873651527379 1.13240008298349 0.973888497964417 1.08557793179086 1.07005046094426 1.21359472333043 1.24983125803583 1.02905413332781 1.08435174796956 1.34624425746973 1.12068933729804 1.09624442910408 1.2459158935203 1.23316316207838 1.12054007473467 1.11023532789245 1.17407294310692 1.17695558734856 1.11060331439936 1.15474819930126 1.06341042673012 1.22867290049527 1.16292366906669 1.34928374099019 1.22446031707987 1.24902165513747 1.05586263168066 1.2608513542926
"frmod_fr014" 1.04934303664819 1.02083924840807 1.00834126465667 1.04311935512892 0.940773693623065 1.11411164079168 1.0596100365413 0.824360130047035 0.831179081629282 0.890133780957622 0.797828893362957 0.705025081667222 0.869083847831842 0.864347884835977 0.724818297724949 0.764991858176068 0.745476442625813 0.674947537092412 0 0.653033837049588 0.741769381729184 0.756075440480301 0.830751058255392 0.750865739402259 0.885834246549735 0.841321712562705 0.982459953796349 1.00038682770563 1.06720780476888 1.18287036335371 1.070047111747 1.11918286221771 1.02313157978295 1.02455532199616 1.09305790594798 1.21820674172701 1.13592755824318 1.18207998420949 1.28165819353506 1.24353486068447 1.0749837951899 1.17535958740848 1.07041511278876 1.21359225118847 1.28310562169726 1.18432552304269 1.20945970325861 1.29646612091061 1.21250417912751 1.19435188751827 1.1787081455703 1.25193123091922 1.38741015976756 1.21489274221329 1.16000561553191 1.15533830663635 1.27942788284624 1.29127596854149 1.07991938748445 1.26514165225029 1.28215990286494 1.34246680456372 1.20058924883482 1.30720953474719 0.944867100193742 1.1643096526884
"frmod_fr015" 1.05748909188628 0.968088823769815 1.05033327836038 1.06410846225918 0.92877531894111 1.21781403058434 0.966642337805865 0.90758216142978 0.876294943580696 0.914283496641353 0.894493203913446 0.776902160278924 0.878135595211145 1.00072055774819 0.909810446809533 0.704131756373027 0.770198868254604 0.769043486807312 0.653033837049588 0 0.714886337294877 0.780954460613794 0.902564680577657 0.837711153191866 0.839818912185838 0.955873794349729 0.857379611901687 0.976785566997656 1.0768944280127 1.13147885428057 1.01555909082359 1.12936223280411 1.03424826798237 0.76567870205363 0.982862638388187 1.10867629147445 1.10967214839432 1.04260785477677 1.14966491305933 1.14330728032011 0.937512111013039 0.984665866484613 0.989380381760137 1.05918775074575 1.15514256106548 1.03535504923278 0.998551235996855 1.18187003399418 1.08377501667448 1.0965283963617 1.06117651373005 1.19674572751179 1.23200774375552 1.01522460413237 1.0759858767246 1.05818096453259 1.0931091835781 1.12109196727741 0.97078966839799 1.14532558601579 1.1142096120253 1.20279345215208 1.06963329477402 1.17782958818535 0.983113174008337 1.09571026789822
"frmod_fr016" 1.06816358232324 1.06173287739471 1.01256088638604 1.10350857468901 1.02356225435378 1.22084205483448 0.665850493555039 0.854633287197145 0.848272067587123 0.836608164139884 0.962383727332448 0.739418137652873 0.890839295326956 0.948606313305512 0.878489047294612 0.758903928889435 0.82616151891829 0.763366260690328 0.741769381729184 0.714886337294877 0 0.74440837760778 0.900242916098517 0.849740370768826 0.80474557088776 0.975882145958731 0.908163792005784 0.913700654209979 1.12111708380638 1.14049727749623 1.12611638553624 1.13273450895348 1.08185030006323 1.08866499484795 0.776778915851095 1.1678171483647 1.15674626861281 1.04521122300054 1.11014704087083 1.0910316684753 1.02305050254118 0.899348344881343 1.11875053867879 1.03659196106382 1.18024363680119 1.05281634122681 1.10317274532942 1.22642875663828 1.12810561440654 1.16019930479475 1.04476538682322 1.26492718027401 1.3865916099213 1.11641565423125 1.16115018895282 1.01250847175214 1.18471770216391 1.22931898346351 1.04130829499633 1.13121572355035 1.23276533544552 1.25493513550601 1.13278774065086 1.24463132669832 0.8830571406164 1.18696375466201
"frmod_fr017" 1.11499690585881 1.00569423549306 1.0523735838222 1.14809665211015 1.08396205471318 1.1439310757131 1.00993205433568 0.894081340826255 0.749203425216234 0.845059095787321 0.93039238056159 0.817771506174195 0.951061514716661 0.988821336552286 0.851287140236419 0.765946611893057 0.904885045046984 0.809968128344115 0.756075440480301 0.780954460613794 0.74440837760778 0 0.810025907366387 0.783306507555651 0.951252980508292 1.03217576593846 1.03717204122617 0.934144315115907 1.15328033736426 1.00500708648138 1.03439534235014 1.19947754469599 1.0792496073781 1.05505804340881 1.01211367584424 1.22909952408625 1.14702212379349 1.03589963223774 1.16321082342376 1.20710132614631 0.96589638479612 1.03558224322905 1.12212228511948 1.15990906514227 1.16526979501134 1.08238255908848 1.14235107338062 1.22365710407897 1.12415461524898 1.0632283511954 1.13926535850327 1.2993825408951 1.34107070988547 1.27162237520207 1.17510472388969 1.07193763789466 1.21179599956077 1.25540225315406 1.10403110013291 1.11636377660273 1.179216281878 1.24826974664234 1.06854929603339 1.23201286083784 0.954431577662943 1.26805192593307
"frmod_fr018" 1.33107158772627 1.25844986889985 1.18342299800602 1.38739208696248 1.06646997316569 1.25108328721112 1.2442794538418 1.09046111420436 1.02120556438544 1.03111921223119 1.17313600919687 0.8497362426502 0.907649326264105 0.84823797581304 1.00224224088289 0.923378851887019 1.07187865969315 0.78485730918468 0.830751058255392 0.902564680577657 0.900242916098517 0.810025907366387 0 1.00602295967299 1.00953073950153 1.21602205357807 1.18918876636383 1.22838007915736 1.34304223843179 1.29506344853999 1.17039621604504 1.43909163391036 1.1658491228554 1.2427713229286 1.28473571806787 1.2679580497928 1.0992506398304 1.36280941633441 1.49023246516484 1.32154329244551 1.24296226444141 1.25732169223584 1.28365045646417 1.40868468474276 1.41818998339009 1.26945832049935 1.37669987308909 1.54753717394373 1.31307255628173 1.30620208109675 1.43391788569806 1.4910883821055 1.31109379323759 1.32878297287231 1.33111464049556 1.32659484139857 1.38859515144074 1.38970131044266 1.1359830209867 1.25473118913472 1.25321231142426 1.41382075219833 1.38908817991566 1.35710054146436 1.14355129748943 1.4428100990389
"frmod_fr019" 1.140803265378 1.11372421108631 1.15080339444141 1.11504679496112 1.07229601987364 1.29922495943907 1.19434054833815 0.820175759787086 0.773545284724817 0.851642936956339 0.860932750228022 0.73220681888279 1.09230727331354 1.06263117355245 0.879333884495508 0.84946786870101 0.705593098151108 0.843502837674401 0.750865739402259 0.837711153191866 0.849740370768826 0.783306507555651 1.00602295967299 0 1.09794170701029 0.863152675756669 0.909814528317336 0.843584345767561 1.17552621541845 1.09760918564595 1.18543031733822 1.27547947539798 1.14704082392307 1.17583227605762 1.17065163429558 1.34974755433542 1.34808997040874 1.15034678352536 1.15668419235915 1.28481255943654 1.17294889264266 1.18806274524401 1.18977826473458 1.24491384219235 1.25767591231385 1.24887126710858 1.09064147368988 1.19623996821649 1.23456302832218 1.11349284812418 1.10922465867326 1.12401217420635 1.54634075358746 1.25323559359908 1.0309798612582 1.20567588014204 1.20569764829988 1.30013137443919 1.17508848251763 1.3154641772998 1.29124435837432 1.30793084002276 1.06921200129764 1.44952285284144 1.00205537851311 1.20233069584937
"frmod_fr020" 1.33313852385432 1.30118722365487 1.25886708335571 1.23199357020333 1.19814519485828 1.31346833670991 1.11859930107934 0.995923815054009 0.991003461876506 1.10869240323912 1.0223876016545 0.904863751295026 0.769323539115096 0.904511004179323 0.969952255637724 0.82273992862439 1.02281140126614 0.864918683043811 0.885834246549735 0.839818912185838 0.80474557088776 0.951252980508292 1.00953073950153 1.09794170701029 0 0.997984494949602 1.16723679916797 1.04824046808699 1.31637561923978 1.34315811923607 1.27554902645358 1.35817238129617 1.1675895355907 1.15864441497603 1.02464029212985 1.21657174654764 1.16867747130561 1.33188466005883 1.28481690772783 1.28125417241603 1.14241120590725 1.21675172036918 1.27733570981967 1.21731450107082 1.24508377188139 1.23298741017342 1.19322307055629 1.36315006591457 1.21433065603863 1.19202914434176 1.31134968471626 1.47833060243511 1.20384984974653 1.03487884210396 1.31015464175539 1.19060867364014 1.19688721968325 1.26222287933966 1.05501649162597 1.29165906318904 1.22322910917842 1.24058645869581 1.34995712382832 1.26230404485538 1.09475173132437 1.26740586297347
"frold_049" 1.15601215022326 1.1553476700573 1.21349852376107 1.22161770840063 1.24434250250441 1.36075346230801 1.22126537971253 0.910270608251596 0.981895843163611 1.00321540843231 0.978719707663511 0.896479772960249 1.10098498057436 1.07988085568326 0.969554466251466 0.96513825233124 0.810876427814306 0.981214019754005 0.841321712562705 0.955873794349729 0.975882145958731 1.03217576593846 1.21602205357807 0.863152675756669 0.997984494949602 0 1.04507918663757 0.890261020123748 1.23182341594631 1.35468331326889 1.30025180992609 1.4119556144382 1.29419504762604 1.23576571891148 1.19155853473843 1.33649408879578 1.31999427129247 1.283466500549 1.16662496626226 1.40313459113047 1.20532351461836 1.25028346930244 1.28873190777071 1.31378616689754 1.16124435691784 1.25990463974589 1.20384284392341 1.26253598344943 1.34442478040832 1.15507663797586 1.28289076014666 1.33383432016449 1.41632795024418 1.21985718947211 1.00332821021211 1.24242060950215 1.18391047986937 1.27968291000444 1.19953170326 1.38600666187518 1.33365437922887 1.27427345386074 1.20644051398873 1.33568214319619 1.13642411306725 1.17204813730515
"frold_fr012" 0.93404380684432 0.910699041379697 0.976867543627609 0.89291109869267 1.05909580250681 1.31043578659288 0.977260053120019 1.02153562378516 0.98910254459332 0.972580692676516 0.974888003040633 1.07252602890387 1.31958861945919 1.28166721887586 1.00952247996038 1.11947929350353 0.459580924900671 1.10848813370759 0.982459953796349 0.857379611901687 0.908163792005784 1.03717204122617 1.18918876636383 0.909814528317336 1.16723679916797 1.04507918663757 0 0.927356591978462 1.06762882513227 1.16144336321673 1.09598635488576 1.14598861842644 1.1947781198329 1.07294205199463 1.08825962869712 1.28581625929588 1.30015789981274 1.16048984465498 1.12433546772543 1.1612454029332 1.20651870489563 1.16208757838837 1.20335698241846 1.19594476431862 1.1993067823285 1.21927718929438 1.1198841926912 1.1103825798592 1.31451897128055 1.11933384619325 1.08123752336989 1.22279846516422 1.51093579690417 1.24018277722294 1.07172561273564 1.21928241050954 1.13263680583656 1.14555490265488 1.16048680539717 1.31754154533986 1.23924986702305 1.37753331001536 1.05750055965356 1.46476407505845 1.0155885151778 1.09951737244843
"frold_fr042" 1.2008697886336 1.06855229713266 1.16111981427002 1.10403783970228 1.29291060837427 1.37913249973771 1.12057364910498 0.944010786441655 0.914864501120118 0.980870432526517 0.950549253991568 0.997399176538627 1.22780382896428 1.22972776977905 1.0436032080373 1.00373123405377 0.784283083060122 1.06871651403179 1.00038682770563 0.976785566997656 0.913700654209979 0.934144315115907 1.22838007915736 0.843584345767561 1.04824046808699 0.890261020123748 0.927356591978462 0 1.34797790174168 1.25477498828472 1.35783596060318 1.32883383127079 1.3913154126308 1.31600914859639 1.18231629826079 1.51003716328183 1.47084829423841 1.20116647651945 1.20097138078359 1.36182528622092 1.32673907740303 1.19235327017644 1.3046868510707 1.24170602342019 1.2076912512455 1.23954302213147 1.27084230223074 1.20008884657943 1.34359373922829 1.05716757056419 1.15012528484837 1.17224030871117 1.6315111557865 1.29387949109311 1.21715171384665 1.20961120595639 1.15105907495378 1.22510043176486 1.27375403315376 1.44276122131606 1.34510987243139 1.15696992145394 1.0475816978893 1.42537474390211 1.07926593189869 1.18440243862522
"qu_fr001" 0.83378537604175 1.04610968918952 1.01493663828585 0.934142740669203 1.03077878498677 1.33371635920523 1.19928158623103 0.887706276304117 1.19218409234148 1.12285407816838 1.02054705368079 1.04997412297524 1.18073184745183 1.23997211816324 1.13525251507823 1.0235200425153 1.12055626404011 1.14218245940779 1.06720780476888 1.0768944280127 1.12111708380638 1.15328033736426 1.34304223843179 1.17552621541845 1.31637561923978 1.23182341594631 1.06762882513227 1.34797790174168 0 0.903418699015497 0.9366828916831 0.719084925585857 0.858564025891652 0.947647006526182 0.951470124532447 1.20661251398931 1.13784747302531 1.06363724323258 1.1473967934475 1.08943117042831 0.989838236972809 1.07899994342099 1.04697038859171 1.12117696703008 1.02077946112018 1.15183704462977 1.00891586027384 1.0517950741566 1.15402635517355 1.13527105056288 1.01567064150823 1.15721357935432 1.36184868057547 1.194724897939 1.00061173498907 0.948076058594165 0.987253066133679 1.1709358315935 1.09016675361242 1.22871872231314 1.23760151465282 1.17997005543385 1.00818145764519 1.09322355850028 0.859411095272763 0.987741517546602
"qu_fr002" 1.08739634728164 0.825022744340889 1.13623074943191 1.11958077249334 1.12902328371989 1.10025269541025 1.15670806040238 1.14650210582316 1.00451266815985 1.22500866683756 1.16615321835632 1.06313698513879 1.25727296226869 1.32931932176806 1.1640078983184 1.03200837800879 1.18720113639688 1.17475613627481 1.18287036335371 1.13147885428057 1.14049727749623 1.00500708648138 1.29506344853999 1.09760918564595 1.34315811923607 1.35468331326889 1.16144336321673 1.25477498828472 0.903418699015497 0 1.02205740957748 0.941282244588419 0.932049399727218 1.05259157277992 0.916350815299782 1.18580743393826 1.18485768438689 0.892992155142923 0.922062647171592 1.13716608457766 0.835534238311413 1.03436704346164 1.08087130475733 1.08360874675385 0.928779387143899 1.05109244602303 0.980623502683824 1.02333225644858 1.09649351334422 1.01894000564011 0.984760263153312 1.17048011476201 1.26009612773535 1.17300035384606 0.923470303642146 0.93426520354936 0.972784333405897 1.07286520895492 0.945151308656341 1.08956699599811 1.09558232492702 1.11206394311797 0.818344373287531 1.19904206151298 0.838454276150006 1.00880957991967
"qu_fr003" 1.06458709509038 1.07463304300961 0.893017815922053 1.0886190972911 1.0824105825338 1.23086236992252 1.18148446630607 1.1398407627221 1.13843203473012 0.957140009339945 1.1074120168281 1.05304635800622 1.18355215962238 1.3933720152998 1.12177628899973 1.14945542689313 1.10391186804286 1.07172010231607 1.070047111747 1.01555909082359 1.12611638553624 1.03439534235014 1.17039621604504 1.18543031733822 1.27554902645358 1.30025180992609 1.09598635488576 1.35783596060318 0.9366828916831 1.02205740957748 0 0.99358012670613 0.787988970302632 0.924533482675874 1.04270835141364 1.03345140808664 1.10548976334842 1.11618105377501 1.12350535835352 0.992836676694623 1.03165349859028 1.10152174510213 0.96982947686752 1.15087346391831 1.19764540962963 1.16904363812582 0.96011808753194 1.16066396019246 0.875076056079407 0.907870645303669 1.05135067642484 1.04064349598957 1.23581121456689 1.26580649220041 1.10656013805128 1.00109127471736 1.02757962692549 1.21089319204949 1.14958102771994 1.12721130922548 1.08955308007547 1.19892162192908 1.02801241438572 1.33341880009675 0.977334394965592 1.11141646142435
"qu_fr004" 1.17374978155831 1.09396842763703 1.0992905159924 0.89808240771801 1.18585704009484 1.27560732290459 1.21884441227944 1.17242328498305 1.20656775152679 1.14763440726184 0.954494985604822 1.17185549381383 1.32467785708395 1.35070665714095 1.12582383640611 1.17474401262146 1.21386112011821 1.21061938606135 1.11918286221771 1.12936223280411 1.13273450895348 1.19947754469599 1.43909163391036 1.27547947539798 1.35817238129617 1.4119556144382 1.14598861842644 1.32883383127079 0.719084925585857 0.941282244588419 0.99358012670613 0 0.960001377819092 1.05725984338103 0.956793210241836 1.33661977949141 1.37118085110419 1.08342159831473 1.14829906978747 1.09042194285488 1.11302342168586 1.14817802764708 1.18468373418956 1.2412064025421 1.14562180163628 1.17617085937434 1.04591876789291 1.20370116838802 1.25118762004466 1.15443094792176 0.958396210305784 1.13880092575474 1.49091424095872 1.36260839910232 1.12870820755013 1.04285912221037 1.1316288252469 1.22685544172893 1.20525496889526 1.3928857252963 1.25445662392742 1.40009810762574 1.04360754522064 1.33010314025507 0.974681510675449 1.11990257005523
"qu_fr005" 1.13707219957445 1.16314947587753 1.15616734690244 1.12849175298244 0.876579641086358 1.17658056948088 1.12176520513968 1.16399380652653 1.14092530432821 1.22407312440712 1.16364047504968 0.929194177702654 1.00134339036825 1.21818401745121 1.22095036089746 0.9942036917571 1.23561379614282 1.05355223820275 1.02313157978295 1.03424826798237 1.08185030006323 1.0792496073781 1.1658491228554 1.14704082392307 1.1675895355907 1.29419504762604 1.1947781198329 1.3913154126308 0.858564025891652 0.932049399727218 0.787988970302632 0.960001377819092 0 0.800682798561531 0.942327047467568 1.08157270182738 1.02957244084773 0.989909185867552 1.08696349065545 1.00627747665196 0.819459092684487 0.991443397786356 0.840623506399942 1.03922099281667 1.03010926840618 0.9963509706665 0.899809652896728 1.06980529566925 0.838571438346831 1.01899180881508 1.02436428521845 1.18294368590205 1.0640291296201 1.1897164601473 0.945086802037636 1.06158627089204 1.00804255490304 1.04468098637435 1.01843317799496 0.988097089647411 1.06017667014261 1.11979347066838 1.02941348048265 1.12990359014256 0.897345042861797 1.11713618743024
"qu_fr015" 1.09460352819128 1.02858138465322 1.14651811545319 1.1076518185764 1.03445518295626 1.34987189776579 1.05121971929673 1.12235574409889 1.04375771783876 1.16880195839397 1.12626431057576 1.04916519098228 1.12179651492985 1.34435994106947 1.19679438830202 1.08075652855697 1.14453593530667 1.04491646449918 1.02455532199616 0.76567870205363 1.08866499484795 1.05505804340881 1.2427713229286 1.17583227605762 1.15864441497603 1.23576571891148 1.07294205199463 1.31600914859639 0.947647006526182 1.05259157277992 0.924533482675874 1.05725984338103 0.800682798561531 0 0.937191191299167 1.15287141729241 1.01944575116664 1.03856178852937 1.12196555867488 0.931015780466027 0.793617585471595 0.966455021278953 0.835194895865785 1.02748908875044 1.01231373298636 1.01452429304068 0.936043263538319 1.05616881830497 0.828229172795515 0.951080080576364 0.999998157952894 1.12354259612425 1.09300713121952 1.13542330391047 1.01336304087642 1.10587814017292 0.958303456409531 1.04301504074303 0.96937073405145 1.11445807378004 1.05391016144805 1.19038085158698 1.01255045487469 1.09205964678007 0.947930388239592 1.10877935750403
