"bg_fr001" "bg_fr002" "bg_fr003" "bg_fr004" "bg_fr005" "bg_fr009" "bg_fr016" "frmod_fr001" "frmod_fr002" "frmod_fr003" "frmod_fr004" "frmod_fr005" "frmod_fr006" "frmod_fr008" "frmod_fr010" "frmod_fr011" "frmod_fr012" "frmod_fr013" "frmod_fr014" "frmod_fr015" "frmod_fr016" "frmod_fr017" "frmod_fr018" "frmod_fr019" "frmod_fr020" "frold_049" "frold_fr012" "frold_fr042" "qu_fr001" "qu_fr002" "qu_fr003" "qu_fr004" "qu_fr005" "qu_fr015" "qu_fr016" "qu_fr021" "qu_fr024" "qu_fr025" "qu_fr027" "qu_fr028" "qu_fr029" "qu_fr030" "qu_fr031" "qu_fr032" "qu_fr034" "qu_fr035" "qu_fr036" "qu_fr037" "qu_fr039" "qu_fr040" "qu_fr041" "qu_fr043" "qu_fr044" "qu_fr048" "qu_fr049" "qu_fr052" "qu_fr053" "qu_fr054" "qu_fr055" "qu_fr056" "qu_fr057" "qu_fr061" "qu_fr063" "qu_fr064" "qu_fr065" "qu_fr066"
"bg_fr001" 0 0.785774794032581 0.740827859688855 0.764785603976213 0.850589656649249 1.00769390691687 1.00409419616722 0.58898132425349 0.943648299903849 0.851958447414096 0.905342155413176 0.891342771872034 1.02055285570756 1.03724632984543 0.993972704763253 0.95663603768591 0.962214073504951 0.982510170306288 1.03060062653869 1.00149844112854 1.03298139525946 0.969528987459227 1.06542023624193 0.989319499044466 1.075043153876 1.04203829699282 0.911167583103979 1.03916821307604 0.888234315746394 1.06831496299766 1.01862065756859 1.10544922220955 1.13630340105832 1.14008974203593 1.18055093741586 1.18951369501851 1.20023532820044 1.13120959779984 1.15723356897812 1.109601521733 1.12331611639601 1.17669088212156 1.11372367929909 1.15367810241396 1.07111275085764 1.20233340426401 1.14231150987951 1.15185018260817 1.14163934871149 1.1621906816544 1.13349433024774 1.16008967772683 1.24720032185937 1.13879826370341 1.14740572089583 1.04433643869142 1.15194464550089 1.23983855180418 1.09631323688223 1.15931106986778 1.10864346555178 1.10756671177734 1.10331204062438 1.10889400121203 1.14155706903041 1.0668728661819
"bg_fr002" 0.785774794032581 0 0.80662142468257 0.795449875536594 0.893639083657743 0.944599907110105 0.960869917197122 0.956503694904494 0.600776877342158 0.953181650418808 0.92761261784727 0.937804820594236 1.09510146781676 1.10338081089803 0.993728989028252 0.969151121806526 0.961544640449889 1.01664666769773 1.03923618341975 1.01371151367036 1.02548651321729 0.968817498812596 1.03338820397858 1.00044041130497 1.09990606595797 1.03537974866525 0.925858430611701 1.01887576885512 1.07157467416162 0.792742619833217 1.0994146537623 1.09076510244601 1.15360602470501 1.13410564169426 1.13049603469045 1.20391535431179 1.27818766892274 1.11787349395952 1.12181517246989 1.13448555011697 1.1325803009839 1.18526765358108 1.16341163952846 1.13887175573027 1.08170767039752 1.16620846184015 1.16547884392336 1.15373864829503 1.18756942406186 1.10766507679363 1.11596056318146 1.19836012849674 1.23183594273861 1.16157891872192 1.08264247749305 1.07393976390732 1.13215947411088 1.18403755930301 1.08250422973161 1.26088796928158 1.11045561010525 1.13226097342913 1.10080742417344 1.09975482360001 1.09800756424874 1.05170835825588
"bg_fr003" 0.740827859688855 0.80662142468257 0 0.780572027132945 0.936808473395339 1.06036518332538 0.984680526559236 0.881914952418048 0.958365924117328 0.571108796354895 0.932920493295471 0.944968291628606 1.08254179570138 1.07563426766504 0.996495152069247 1.03266543343055 0.96050290424885 0.975121628872893 1.00831273441583 1.04739280272954 1.03311423131526 0.951429026754719 0.992849346463403 1.00919346970438 1.11982900841003 1.05052705226967 0.939851957357669 1.05157204103995 1.09378231967795 1.07677872052363 0.887667505094744 1.16482790770173 1.20633853037218 1.19006715461052 1.15493878548358 1.20162744430557 1.30617564253811 1.17414824379906 1.19406893473346 1.14722760220855 1.19639220118534 1.16878562723394 1.17083445353556 1.15037540150863 1.20466446975922 1.23525182836589 1.14153397138972 1.18354311639023 1.18222762138068 1.15177767977361 1.2113550071333 1.19799329522347 1.25953563729213 1.1113503271748 1.17489441373899 1.06432750667158 1.22471453345623 1.24078366724462 1.12449097307898 1.23347681127155 1.12766032183613 1.12205834835472 1.16841350748796 1.16759346867251 1.16583680637109 1.10366592002873
"bg_fr004" 0.764785603976213 0.795449875536594 0.780572027132945 0 0.850250915309598 1.07324184814858 0.974392117639676 0.909695271050193 0.959699800254515 0.932310653400651 0.498712655554022 0.916194225264288 1.1045874836029 1.12077032702266 1.04916504449718 1.00847108158556 0.966285161183459 1.0135733272215 1.04382477703816 1.0209932128915 1.03595495064605 1.03051475006726 1.06750441757179 0.936114125180857 1.08824939061731 1.04393047857531 0.901704933189079 1.05195764261838 1.03648072238813 1.05585509082818 1.05448470825151 0.897606908653892 1.12075787835455 1.18921617175046 1.1551137730583 1.22494294437678 1.28319220257342 1.14996779766542 1.15085638749799 1.08594870219847 1.16988608684103 1.15379543984143 1.13999498348466 1.12901702687604 1.15714495689228 1.21694760224234 1.11104543148049 1.14655077816107 1.20898994270941 1.16467905268318 1.1163519490521 1.14083458781835 1.31683889344943 1.16146456408312 1.10943470641829 1.11406562693091 1.16546903109654 1.20072471650937 1.1344545578821 1.27983790968298 1.17537944361219 1.15622924485782 1.1440393599467 1.19765153694938 1.16424447788243 1.09392416293576
"bg_fr005" 0.850589656649249 0.893639083657743 0.936808473395339 0.850250915309598 0 0.930003956623322 0.984731220884636 0.922497177847116 0.981316527375933 0.989573404855814 0.955878870935572 0.602794914794248 0.925740880603093 1.02208040762862 0.996597556321171 0.931655903282004 1.00731844141482 0.896175252503537 0.974837020647958 0.972322909273599 1.02910995039599 0.984725008741145 0.933823875578074 0.918510915855694 1.04577696802093 1.05415939219535 0.989932957586896 1.08449036227226 0.99806011253816 1.11527568069575 0.992415743858397 1.06801599596447 0.890246222275605 1.08542748009525 1.10431462815681 1.13560381370805 1.18840690557315 1.13414026225139 1.17021147974437 1.05768895352707 1.07781615072312 1.12367152898186 1.05331002511232 1.09134839728976 1.11674488505838 1.13158646651714 1.1208037185888 1.19813324897052 1.06277255079356 1.13422581691423 1.13070364782541 1.16608124082811 1.16018311925958 1.059007565242 1.08047632892814 1.01644233446405 1.13158886352497 1.18361304280691 1.08162755357006 1.15219839725109 1.08630898739012 1.05176530691463 1.14292047424105 1.06700438294856 1.08200089179184 1.02948031909558
"bg_fr009" 1.00769390691687 0.944599907110105 1.06036518332538 1.07324184814858 0.930003956623322 0 1.01869047969146 1.07093645045339 1.02732184025337 1.10411070815735 1.15759859028638 1.00136131367339 1.06088525520653 1.05736761605921 1.02504881416808 0.967440057887836 1.07971048522105 1.05082158354219 1.06031508463276 1.0818913293504 1.06705062095421 0.973411055997992 1.03121220277476 1.05507398544904 1.12286620945214 1.17040472381099 1.07769505033402 1.10902049069064 1.22139369674035 1.14595648420723 1.17471061183144 1.26059285779498 1.1849802660062 1.2368754204585 1.24471186618972 1.23778704717026 1.30335110615533 1.19931297991 1.27679327774577 1.22586271033612 1.13770482188904 1.2403430130371 1.18003458968422 1.26364905672213 1.19899955099745 1.17960885227235 1.25762788548314 1.23525894536268 1.26666099580319 1.20117073136199 1.24805113143139 1.26795564332993 1.3094249500808 1.31630313151802 1.20401052198342 1.23922664537733 1.26815071740215 1.24028325458986 1.18672406472597 1.29224706134045 1.27944643601601 1.23504852997963 1.19474620184392 1.23273070724887 1.15798385119763 1.18785250466401
"bg_fr016" 1.00409419616722 0.960869917197122 0.984680526559236 0.974392117639676 0.984731220884636 1.01869047969146 0 1.09391884652516 1.06319666528421 1.04413593294778 1.10549120603444 1.06906213133578 1.07899349515788 1.13937178041272 1.10215593283465 1.01903669791996 1.03843470211798 0.996965489707395 1.0362342558216 0.999926982551666 0.504104389488131 0.952264077391131 1.09291013881268 1.02523935108327 1.04005585913078 1.11004215129053 1.01558222501 1.04366788242664 1.23819896953689 1.1192018891795 1.12768706586499 1.23804576402425 1.18726527633547 1.1445529082716 0.790106713816938 1.15549724811956 1.23922711307816 1.15515477988277 1.12688591113561 1.12071423436369 1.11771554491559 1.10786389525462 1.15076079312221 1.02839940774764 1.11911441860665 1.12596368965805 1.15256296805453 1.18319751809704 1.13349572652868 1.12139212350457 1.14659813761469 1.19427662433381 1.22834414295727 1.09079906415978 1.08550743823212 1.07566773576844 1.21442769086093 1.1398460721644 1.11852206754427 1.12919636107955 1.16073454534039 1.04636027306243 1.07304678438858 1.13733074817246 1.06449809556962 1.10618248732468
"frmod_fr001" 0.58898132425349 0.956503694904494 0.881914952418048 0.909695271050193 0.922497177847116 1.07093645045339 1.09391884652516 0 0.824065200393528 0.703701766897556 0.765400396096569 0.724078379383776 0.841067592960953 0.904880417186234 0.799450568143572 0.780932922435451 0.818778334853789 0.817060731264743 0.874539759527546 0.890202746765323 0.916560940742032 0.869706727851149 0.885422514227721 0.841063387483551 0.934986985858147 0.907725342601229 0.884165183419629 0.944207521107243 0.867548321843247 1.05136991365828 1.01198890740897 1.06246873707997 1.10222414089805 1.12621440909918 1.14509121185114 1.20943657989806 1.17288204902612 1.11322775148349 1.17124417421901 1.08658935024248 1.10157863853765 1.19694616148624 1.09356383664051 1.13189965889872 1.09744493578933 1.20009533855648 1.15166428672398 1.13780486626651 1.15727444781571 1.11400630165234 1.12672475886038 1.12641591316456 1.24493202958177 1.12439395279434 1.14000418914131 1.08885387783005 1.14713367487504 1.22478618843787 1.06842395224118 1.14090761642065 1.13646241248968 1.09860466534301 1.1109703717544 1.09559429151244 1.11479742621472 1.07583701616425
"frmod_fr002" 0.943648299903849 0.600776877342158 0.958365924117328 0.959699800254515 0.981316527375933 1.02732184025337 1.06319666528421 0.824065200393528 0 0.7899606313668 0.846155256444853 0.793814031755157 0.925826308802715 0.931648929199761 0.818461644953849 0.836192499614906 0.885011710502011 0.850508895607415 0.943532313684862 0.9145933862654 0.910340905328077 0.860828571212237 0.888322475144521 0.855636686407676 0.933102460123663 0.933740370638791 0.944008246957406 0.93597573751171 1.10146607546632 0.858564405272844 1.10400314902009 1.13654550938929 1.10967862245436 1.11300978680396 1.13070735306721 1.20576790171306 1.26973865232407 1.11565454696133 1.16667208614078 1.10358927247018 1.10327958804642 1.21703897379755 1.12689010050292 1.16504736401969 1.09393733954833 1.14347698717972 1.2096787391705 1.14062760416511 1.18786787894365 1.06801844560404 1.11701088039309 1.21242137000796 1.19523455270042 1.18174356157576 1.08822460996916 1.12391391082728 1.15422610239002 1.18465443401197 1.06276396845523 1.20885226595388 1.10495300358591 1.10864460720589 1.08784560802525 1.11576705794405 1.09667638689437 1.07440601331108
"frmod_fr003" 0.851958447414096 0.953181650418808 0.571108796354895 0.932310653400651 0.989573404855814 1.10411070815735 1.04413593294778 0.703701766897556 0.7899606313668 0 0.78725287787824 0.776613476956033 0.913702197456124 0.940021923077582 0.802358351476932 0.873761836906975 0.811944041097226 0.78915955211958 0.89301023439376 0.909296780278475 0.90385186860385 0.859387842038716 0.857561950933414 0.841108044369931 0.96282097569673 0.929743779999041 0.878119954150539 0.968062618152369 1.03942251809167 1.06989630423507 0.860191137641036 1.12028033087995 1.13996215677751 1.15828729561586 1.11921101915668 1.15193990321138 1.2597908286493 1.12190638263387 1.16679555147586 1.0781848516475 1.13120943533553 1.15943783425519 1.10374565217393 1.09925036521733 1.17847890599114 1.19099501845961 1.11875507341945 1.14440182592922 1.11661779811473 1.0984214577652 1.13028029748757 1.13552444468744 1.22267108897687 1.09235842336855 1.11807737460784 1.05139217545444 1.17713222265467 1.18112860349297 1.0871293229975 1.14922556019857 1.12026378865443 1.08541573218981 1.11088471920064 1.12179194712663 1.11138724927194 1.10214712650337
"frmod_fr004" 0.905342155413176 0.92761261784727 0.932920493295471 0.498712655554022 0.955878870935572 1.15759859028638 1.10549120603444 0.765400396096569 0.846155256444853 0.78725287787824 0 0.795347327902203 0.984362333120974 1.00691072423967 0.866162868863581 0.873183771017824 0.818888650687776 0.874075565830332 0.915185734662493 0.919447968807663 0.929001802850905 0.905430465995522 0.954678852957158 0.802305102424053 1.0092412736623 0.948090910120039 0.878423709032995 0.988597821677421 1.03446339333458 1.06896688973737 1.04993177212668 0.910501530737405 1.10525167572369 1.19154126481808 1.16271495193281 1.2255309424033 1.26800137503481 1.1262020714737 1.19683369076458 1.09179860039173 1.16987606775492 1.19921610149839 1.13881113774281 1.14648133369632 1.1822114231761 1.24100745160333 1.1435164629396 1.17523665716364 1.23422314358297 1.18860869286741 1.11182981026739 1.15773918030935 1.3178138004311 1.18609321496407 1.14233108011688 1.15792409424967 1.23178188506035 1.23235006467129 1.16914985448961 1.28909836483449 1.2360615839305 1.20900657153813 1.16794310710648 1.24450236334049 1.17940707801546 1.13772638076855
"frmod_fr005" 0.891342771872034 0.937804820594236 0.944968291628606 0.916194225264288 0.602794914794248 1.00136131367339 1.06906213133578 0.724078379383776 0.793814031755157 0.776613476956033 0.795347327902203 0 0.785391797668255 0.82196507309875 0.807750962491361 0.758320686589876 0.876739505544053 0.758369987846294 0.846811929824076 0.855192070781235 0.862607903558007 0.863450374104243 0.832907700378998 0.78308882336539 0.900828561258367 0.868585353446055 0.93774312028223 0.916279119303102 0.978920480864903 1.0883585095388 0.978437154748761 1.08499048242011 0.912418368756545 1.09528726242302 1.11159196690187 1.1395463996213 1.17573387450475 1.12107098633379 1.13666136640382 1.05102336119288 1.04207760911064 1.13544096835172 1.03847136831503 1.10987396832673 1.12487243146048 1.1314569468635 1.10324632156863 1.15774127645063 1.10141346024513 1.11602990283861 1.10520304688368 1.12995786557419 1.17852535001413 1.07880154675227 1.09667906165948 1.02258521019777 1.11160585410595 1.17100067247034 1.02701704047828 1.15225323085544 1.07613793162539 1.04681985020262 1.12342696282941 1.05197203410991 1.08069688544196 1.0024572918316
"frmod_fr006" 1.02055285570756 1.09510146781676 1.08254179570138 1.1045874836029 0.925740880603093 1.06088525520653 1.07899349515788 0.841067592960953 0.925826308802715 0.913702197456124 0.984362333120974 0.785391797668255 0 0.85630238141233 0.892175110236583 0.793038715523518 1.02614561754778 0.754738201136751 0.949318656138395 0.897631824856668 0.929069585984413 0.912659282582871 0.870156286331283 0.932238914272942 0.829929089171251 0.989319444285304 1.06634750544438 1.0216053975098 1.06480953374045 1.18706804235125 1.09969970709271 1.19959534361899 1.04578247511175 1.13646952549886 1.12265704406077 1.13838643777883 1.06694830546182 1.24633606705714 1.1826613339163 1.09016263394058 1.12568933158906 1.19683704541278 1.11896486217735 1.16226403797646 1.17082106461866 1.12352185781326 1.16590872534965 1.22182533738685 1.16732955804411 1.1388514568533 1.20146200871813 1.25515210257923 1.07720484475971 1.09594933401871 1.1146648375887 1.09881401298995 1.18273421491969 1.15992775328415 1.03160169002053 1.11915007044222 1.01121014214454 1.11157083905167 1.16431435689052 1.05480960689753 1.09152194205855 1.11139033071761
"frmod_fr008" 1.03724632984543 1.10338081089803 1.07563426766504 1.12077032702266 1.02208040762862 1.05736761605921 1.13937178041272 0.904880417186234 0.931648929199761 0.940021923077582 1.00691072423967 0.82196507309875 0.85630238141233 0 0.853293693230529 0.87095194991786 1.03720665489481 0.858115059527637 0.942323717993343 0.997964946869414 0.954531057837611 0.910206250256276 0.834109474106578 0.958666777949918 0.87833378886145 1.03872669288596 1.05756508174915 1.00815104508341 1.19528011235618 1.19233877398166 1.16832423866643 1.28335310846553 1.17141397069819 1.25115833105434 1.18303348670095 1.24222711430824 1.22141711453248 1.24123557859222 1.27799694506745 1.22984445835847 1.20451177702896 1.23904922443584 1.18636486741713 1.20842247279544 1.1062377959288 1.2046008457343 1.26364982059709 1.24593204996804 1.2817285734324 1.22128048894209 1.25389636263527 1.29153629846133 1.24329107446065 1.2116219327674 1.22994038391022 1.16375189191987 1.2201631374253 1.19110788272576 1.0928544238603 1.26988896706692 1.17591130430726 1.19938077150264 1.23962339678262 1.10315684863821 1.13624358639139 1.13001578858268
"frmod_fr010" 0.993972704763253 0.993728989028252 0.996495152069247 1.04916504449718 0.996597556321171 1.02504881416808 1.10215593283465 0.799450568143572 0.818461644953849 0.802358351476932 0.866162868863581 0.807750962491361 0.892175110236583 0.853293693230529 0 0.878974987424452 0.82003179688191 0.818941611224629 0.81952388297591 0.937217556177054 0.920380028303715 0.883837581847958 0.882573016997029 0.862352830670692 0.932905542388838 0.94483833147915 0.890051551879666 0.971132581736233 1.12260946000015 1.09441089538885 1.0508088897873 1.15751398599957 1.14117329926819 1.23814792420187 1.16713165924673 1.19288960665472 1.23729420955211 1.13717547799018 1.18567720439153 1.15946202778151 1.19289830616837 1.23773722600784 1.14532344583924 1.22332182689746 1.18844949123366 1.18539724935296 1.21915494444809 1.19991867199568 1.23703382083273 1.20742049204547 1.16833307264429 1.2309565970941 1.26421763210141 1.21331285870698 1.13258608868418 1.17807315241202 1.20182614395639 1.213585561869 1.11002445845084 1.24790562499908 1.18550308463413 1.19020878525173 1.15429718129957 1.20538554729266 1.09474485209647 1.13632893906434
"frmod_fr011" 0.95663603768591 0.969151121806526 1.03266543343055 1.00847108158556 0.931655903282004 0.967440057887836 1.01903669791996 0.780932922435451 0.836192499614906 0.873761836906975 0.873183771017824 0.758320686589876 0.793038715523518 0.87095194991786 0.878974987424452 0 0.863174146954183 0.805901941241168 0.842155049724997 0.798708758438104 0.855813724775573 0.805396352379939 0.86338681381801 0.817238052595885 0.853451716179347 0.941738799543324 0.915303753605222 0.914970010103353 1.06014114217659 1.08871984683003 1.09205106459683 1.16293013195395 1.07192264485331 1.09520303399203 1.12795164077254 1.1626218534177 1.16603403052565 1.08899625775088 1.14851953996271 1.14471819185886 1.07522683474208 1.13358687363736 1.08061413189625 1.08759161012691 1.10516208077283 1.1358414305212 1.11744997986648 1.16126866282238 1.13134388588041 1.13388655949237 1.12861569649795 1.23148402007233 1.19050982228974 1.10720476972814 1.09507459589171 1.05328768660371 1.17220983564562 1.15799184550237 1.06616017246664 1.10256676696134 1.11952004252273 1.04234242044048 1.12674238351494 1.05785290457217 1.0834184270951 1.07925433845929
"frmod_fr012" 0.962214073504951 0.961544640449889 0.96050290424885 0.966285161183459 1.00731844141482 1.07971048522105 1.03843470211798 0.818778334853789 0.885011710502011 0.811944041097226 0.818888650687776 0.876739505544053 1.02614561754778 1.03720665489481 0.82003179688191 0.863174146954183 0 0.831104015634775 0.816325222167873 0.863078642826804 0.883972370068883 0.869742577904469 0.903019618059649 0.785368574493175 0.969868387420176 0.852606636111148 0.309019477648339 0.838914397166814 1.12226388560439 1.1016382630428 1.02286576087316 1.17916756400942 1.15966667105665 1.13407872809829 1.11565881381395 1.18699926799833 1.20757052556125 1.1308206946997 1.12559339612794 1.07117547078348 1.17263459083484 1.1789781593318 1.09621231158596 1.13039912121641 1.16139546323254 1.18397861860334 1.13544264806359 1.1453640654211 1.16387165700538 1.09332528375433 1.140811551609 1.1763341331594 1.22692163097499 1.12535155994475 1.07801871426864 1.1309002344606 1.17259768641162 1.17303203715278 1.07589776653202 1.16842914301776 1.15436715649618 1.10929015831731 1.0538031801411 1.22560514513105 1.09657937555314 1.05598985339973
"frmod_fr013" 0.982510170306288 1.01664666769773 0.975121628872893 1.0135733272215 0.896175252503537 1.05082158354219 0.996965489707395 0.817060731264743 0.850508895607415 0.78915955211958 0.874075565830332 0.758369987846294 0.754738201136751 0.858115059527637 0.818941611224629 0.805901941241168 0.831104015634775 0 0.833810332365083 0.81900191230408 0.831572727818612 0.828842112975222 0.803543367228448 0.833240981978904 0.849996081759153 0.920777803942693 0.913911977675573 0.932275161624742 1.10331090367039 1.08050411111426 1.01227803840909 1.14415361000768 1.05041932779934 1.06800598260055 1.05425800974527 1.10209160152424 1.0924788158888 1.09497610271937 1.14372695745155 1.00942370879334 1.02255334314084 1.09728237717004 1.08308218368894 1.08159466741852 1.11694905916865 1.05088980918176 1.09555832459785 1.16754398881847 1.08507305324865 1.07971469351166 1.12278929141625 1.13651911273208 1.10367340890241 1.06054436866318 1.05296291608491 1.11275869481361 1.11706963165764 1.13732978490284 1.03033974098949 1.11630055099608 1.06096880150664 1.07034114161252 1.07434128831514 1.11663961665935 1.03477123430928 1.06550452633273
"frmod_fr014" 1.03060062653869 1.03923618341975 1.00831273441583 1.04382477703816 0.974837020647958 1.06031508463276 1.0362342558216 0.874539759527546 0.943532313684862 0.89301023439376 0.915185734662493 0.846811929824076 0.949318656138395 0.942323717993343 0.81952388297591 0.842155049724997 0.816325222167873 0.833810332365083 0 0.802395585912064 0.813990869332746 0.842718256998871 0.859145123471587 0.800396131125964 0.91867389955585 0.923959875002501 0.895818081730924 0.982174150276815 1.17334821875397 1.15320269237841 1.04220274336816 1.20988197826383 1.15993883114105 1.09847756499506 1.10055683245376 1.15026894598074 1.1974413279278 1.15957748951176 1.19583240140074 1.17509870684434 1.16155750384248 1.21466051008152 1.10860841766698 1.10731619955053 1.19726428777325 1.14051416979605 1.20487427810021 1.21318141463396 1.16069230389747 1.15315962800798 1.20099495664386 1.21013062383415 1.28881742188621 1.11421717168298 1.10440293445225 1.13170844970607 1.23347405801379 1.20482212150214 1.10987935886053 1.1684142878177 1.19305797275426 1.12237769796884 1.15361966987721 1.21292552475027 1.07947857413755 1.11099782606417
"frmod_fr015" 1.00149844112854 1.01371151367036 1.04739280272954 1.0209932128915 0.972322909273599 1.0818913293504 0.999926982551666 0.890202746765323 0.9145933862654 0.909296780278475 0.919447968807663 0.855192070781235 0.897631824856668 0.997964946869414 0.937217556177054 0.798708758438104 0.863078642826804 0.81900191230408 0.802395585912064 0 0.841520152452365 0.863776836082937 0.891453464752548 0.8130939710461 0.882104899177777 0.963120127548138 0.931902126437593 0.92500324013229 1.16808089220635 1.13943427192678 1.03925410132377 1.21623242666326 1.14094937141021 0.798041006275799 1.0967421307025 1.09883852846021 1.16271700244394 1.1373130917359 1.15242488300251 1.15167132509766 1.07230278237083 1.15370520615148 1.01838065578709 1.10900400795738 1.15889287932397 1.10980512811882 1.12384925640694 1.18211366379079 1.14570242951202 1.12881301085993 1.15165988634033 1.17668187248572 1.17776913938994 1.06063940226604 1.07874752308101 1.13056881176562 1.15906293836342 1.1760628073739 1.06491984034579 1.14075397582301 1.11445900859056 1.07339230931249 1.09173333706614 1.13057696765185 1.13820382855221 1.0792837160809
"frmod_fr016" 1.03298139525946 1.02548651321729 1.03311423131526 1.03595495064605 1.02910995039599 1.06705062095421 0.504104389488131 0.916560940742032 0.910340905328077 0.90385186860385 0.929001802850905 0.862607903558007 0.929069585984413 0.954531057837611 0.920380028303715 0.855813724775573 0.883972370068883 0.831572727818612 0.813990869332746 0.841520152452365 0 0.784770002047108 0.900935753060544 0.850924487762535 0.890045403421168 0.946064957608696 0.942752379964009 0.907936820884124 1.19386419429616 1.108308111722 1.1189311816893 1.22081011680768 1.15832811124052 1.16891378305393 0.824055252683986 1.14262152670742 1.19273648164197 1.16916647993826 1.17070192055794 1.08466442299804 1.0873778437013 1.09887532454878 1.13622798353688 1.05545795231402 1.15135614007402 1.10079724270613 1.16223365136861 1.16907636196359 1.14459955247752 1.12393782649571 1.13589912549887 1.20344870461105 1.22761738031246 1.05529645468386 1.08916027991187 1.09287464320192 1.22482576853063 1.16834425894994 1.09809925832626 1.10802000283646 1.18310364392643 1.05649667526964 1.08114960916528 1.15640357864554 1.06886369902193 1.12544321201432
"frmod_fr017" 0.969528987459227 0.968817498812596 0.951429026754719 1.03051475006726 0.984725008741145 0.973411055997992 0.952264077391131 0.869706727851149 0.860828571212237 0.859387842038716 0.905430465995522 0.863450374104243 0.912659282582871 0.910206250256276 0.883837581847958 0.805396352379939 0.869742577904469 0.828842112975222 0.842718256998871 0.863776836082937 0.784770002047108 0 0.778163243670497 0.795405629073116 0.915603513069498 0.968950749578088 0.921324230263077 0.833206693644434 1.1830751169079 1.07509883317148 1.06786555359921 1.21773935514387 1.15848695686432 1.13160867987637 1.12608675403791 1.16970241563714 1.17371902433423 1.13485979544117 1.19971276261376 1.14959341684741 1.06332063174975 1.12169670186087 1.08232332090656 1.15557708241138 1.11247944768133 1.06329696632367 1.15932855066103 1.18969672381417 1.1512009266534 1.08131528835674 1.20207026496488 1.21491711502496 1.20651389182231 1.13149687577134 1.14194495583253 1.0568684721716 1.21903407923729 1.22475752701223 1.10315755613862 1.15128290260317 1.11663302714517 1.1116002713409 1.10732848904234 1.11769583405229 1.07445765872501 1.10204467072578
"frmod_fr018" 1.06542023624193 1.03338820397858 0.992849346463403 1.06750441757179 0.933823875578074 1.03121220277476 1.09291013881268 0.885422514227721 0.888322475144521 0.857561950933414 0.954678852957158 0.832907700378998 0.870156286331283 0.834109474106578 0.882573016997029 0.86338681381801 0.903019618059649 0.803543367228448 0.859145123471587 0.891453464752548 0.900935753060544 0.778163243670497 0 0.872160809749708 0.932159504934152 0.995426312363977 0.946705736285028 0.991895292456636 1.17787635064168 1.10365108904707 1.06433047144217 1.23591415951341 1.11979869826291 1.15765943928577 1.15747379288695 1.15763271985175 1.1882202405111 1.20534984783458 1.2603198329371 1.14957637326232 1.18441239378576 1.18500673264289 1.12948798045853 1.1668085394481 1.1781440713456 1.17136496056082 1.24317248225917 1.25552945684392 1.20393289012115 1.18775662223555 1.22476151588823 1.24860605050169 1.19900674384659 1.14566786854199 1.15108401802866 1.18060714250391 1.25080815190185 1.22471107819649 1.09657649404261 1.18725853850943 1.12768350759971 1.16110607553709 1.21137339236931 1.11233323666951 1.15381809039742 1.15322702585221
"frmod_fr019" 0.989319499044466 1.00044041130497 1.00919346970438 0.936114125180857 0.918510915855694 1.05507398544904 1.02523935108327 0.841063387483551 0.855636686407676 0.841108044369931 0.802305102424053 0.78308882336539 0.932238914272942 0.958666777949918 0.862352830670692 0.817238052595885 0.785368574493175 0.833240981978904 0.800396131125964 0.8130939710461 0.850924487762535 0.795405629073116 0.872160809749708 0 0.942723566107854 0.861958534214397 0.856900760250801 0.879094305190035 1.14957792359967 1.10778845662378 1.05016980814843 1.17049299717774 1.11453531666337 1.12009439837432 1.13751060128187 1.14493575102219 1.23503553784124 1.1517390525792 1.12877997547732 1.09426685113127 1.11286917691536 1.18950855232378 1.07232073740231 1.17701310298205 1.13630230052345 1.13950150660181 1.12500171859863 1.14090854760505 1.14153482128725 1.10348932504033 1.1221391401053 1.08791018844599 1.24146777052147 1.11333001677104 1.04008015229229 1.11102342259379 1.15057764321109 1.16466881199014 1.0759956789675 1.21992917055355 1.13315815081034 1.12467846849312 1.08681037619219 1.17615238238232 1.08761512889819 1.06715400453231
"frmod_fr020" 1.075043153876 1.09990606595797 1.11982900841003 1.08824939061731 1.04577696802093 1.12286620945214 1.04005585913078 0.934986985858147 0.933102460123663 0.96282097569673 1.0092412736623 0.900828561258367 0.829929089171251 0.87833378886145 0.932905542388838 0.853451716179347 0.969868387420176 0.849996081759153 0.91867389955585 0.882104899177777 0.890045403421168 0.915603513069498 0.932159504934152 0.942723566107854 0 0.982336847747808 1.04412794700989 0.94492590234809 1.20121104272579 1.2251917037393 1.17838791269896 1.30287752112805 1.16407224759742 1.16359662831061 1.12219172312576 1.18615737510108 1.18465066856329 1.25215989813625 1.23213911599861 1.1692210013571 1.19058130537405 1.25686455845963 1.17226043023315 1.17235798577927 1.17997254299786 1.18009454026258 1.23398493318947 1.19124043289308 1.21288561798354 1.16676706375215 1.26723990096578 1.33211910773801 1.21484232621565 1.1090353523702 1.19862839292704 1.14163320067622 1.22157261954563 1.21560722401496 1.05905132402995 1.14481069526537 1.14613596648224 1.08456223383927 1.16692662229689 1.14520009166246 1.12243723174201 1.10920519855933
"frold_049" 1.04203829699282 1.03537974866525 1.05052705226967 1.04393047857531 1.05415939219535 1.17040472381099 1.11004215129053 0.907725342601229 0.933740370638791 0.929743779999041 0.948090910120039 0.868585353446055 0.989319444285304 1.03872669288596 0.94483833147915 0.941738799543324 0.852606636111148 0.920777803942693 0.923959875002501 0.963120127548138 0.946064957608696 0.968950749578088 0.995426312363977 0.861958534214397 0.982336847747808 0 0.905897450730127 0.870358819576626 1.18234543852928 1.16843616800935 1.12165649959355 1.24830657370096 1.20270286036736 1.17496170727421 1.16984188038178 1.24521997103518 1.26316726733766 1.22995159280424 1.16714019479302 1.19567036958552 1.18385036365736 1.26206823038362 1.19997755356779 1.230214986846 1.16532672813031 1.1772967030297 1.1824724746499 1.17463041427042 1.2324103057873 1.09635256491989 1.22383455293619 1.18512392970743 1.2417871302864 1.12658298837275 0.899540753580201 1.16587528897986 1.16654359316932 1.20275427003978 1.09560799614665 1.24659970389344 1.17714366803796 1.0904416487445 1.07290912157342 1.18791791304475 1.12645748427301 1.07339020627485
"frold_fr012" 0.911167583103979 0.925858430611701 0.939851957357669 0.901704933189079 0.989932957586896 1.07769505033402 1.01558222501 0.884165183419629 0.944008246957406 0.878119954150539 0.878423709032995 0.93774312028223 1.06634750544438 1.05756508174915 0.890051551879666 0.915303753605222 0.309019477648339 0.913911977675573 0.895818081730924 0.931902126437593 0.942752379964009 0.921324230263077 0.946705736285028 0.856900760250801 1.04412794700989 0.905897450730127 0 0.909465142969268 1.12896761923128 1.10267191969606 1.04473620842096 1.15904364545198 1.15271499927794 1.1323701626446 1.11649107940996 1.19061949744771 1.2162039810315 1.12713306533602 1.11873480871869 1.08637241473292 1.174706481951 1.17644689002253 1.12091251004761 1.14541468416665 1.15256119104789 1.19476773124182 1.1229850289687 1.13421038548425 1.16813402554025 1.10133720250675 1.13772553573149 1.17715852808254 1.25303489781397 1.14769593385421 1.0682824844984 1.13880834189312 1.1549929805392 1.14292647987692 1.07097293951178 1.18471291253087 1.14068372088379 1.10040572385933 1.07646573440538 1.21738500671923 1.10373409996537 1.06180556833065
"frold_fr042" 1.03916821307604 1.01887576885512 1.05157204103995 1.05195764261838 1.08449036227226 1.10902049069064 1.04366788242664 0.944207521107243 0.93597573751171 0.968062618152369 0.988597821677421 0.916279119303102 1.0216053975098 1.00815104508341 0.971132581736233 0.914970010103353 0.838914397166814 0.932275161624742 0.982174150276815 0.92500324013229 0.907936820884124 0.833206693644434 0.991895292456636 0.879094305190035 0.94492590234809 0.870358819576626 0.909465142969268 0 1.28763346189613 1.19024719353357 1.1940015202532 1.33254261540966 1.27336850116988 1.19291329160435 1.1775699578688 1.31357320819657 1.2705624629389 1.23239072799793 1.14658183259316 1.18566018635346 1.21357837554543 1.24088921701597 1.17419293367012 1.21710034152603 1.19344539748457 1.13428628509556 1.23967600220516 1.20338127674035 1.25202625919739 1.0925326717065 1.26322959273411 1.24087900721529 1.30306458673314 1.1894112184872 1.13970221699722 1.11109162454353 1.14836115709124 1.15152968410602 1.09266102060443 1.24785575983325 1.13803300862941 1.02461690512334 1.07671514558123 1.20095456894564 1.06976541972085 1.08810004871421
"qu_fr001" 0.888234315746394 1.07157467416162 1.09378231967795 1.03648072238813 0.99806011253816 1.22139369674035 1.23819896953689 0.867548321843247 1.10146607546632 1.03942251809167 1.03446339333458 0.978920480864903 1.06480953374045 1.19528011235618 1.12260946000015 1.06014114217659 1.12226388560439 1.10331090367039 1.17334821875397 1.16808089220635 1.19386419429616 1.1830751169079 1.17787635064168 1.14957792359967 1.20121104272579 1.18234543852928 1.12896761923128 1.28763346189613 0 0.953940261889393 0.955229438235132 0.805520365216539 0.940840142247678 1.12552442810422 1.07740692740223 1.12441820555874 1.16946988006697 1.05723299326934 1.10003488186838 1.03626992009346 1.07866226446173 1.15176997820628 1.06243418012446 1.07620874835415 1.1041576156618 1.19999438510353 1.08242457886869 1.08585133699191 1.10583819392566 1.1336447753052 1.06780583678484 1.09657691038137 1.220000649665 1.09530746537066 1.04135406890184 1.01511963254653 1.05152896404402 1.13301519435617 1.05483827830655 1.11256624522864 1.08624579328001 1.07513290669779 1.04706343508664 1.042833874187 1.02133642929721 1.04521873844044
"qu_fr002" 1.06831496299766 0.792742619833217 1.07677872052363 1.05585509082818 1.11527568069575 1.14595648420723 1.1192018891795 1.05136991365828 0.858564405272844 1.06989630423507 1.06896688973737 1.0883585095388 1.18706804235125 1.19233877398166 1.09441089538885 1.08871984683003 1.1016382630428 1.08050411111426 1.15320269237841 1.13943427192678 1.108308111722 1.07509883317148 1.10365108904707 1.10778845662378 1.2251917037393 1.16843616800935 1.10267191969606 1.19024719353357 0.953940261889393 0 1.01598396665552 1.01408338028362 0.985626141248701 1.06478192752572 0.949506421811276 1.02647792754768 1.19315274642862 0.926418980971351 0.962946592522894 1.03011271755101 0.984321860772568 1.01308896733388 1.07884150862884 0.975382579023603 0.977440469308704 1.05332906622972 1.00651187585904 1.00824776540267 1.10490719491014 1.02040125755392 0.982043905552713 1.03143310983758 1.15503223557611 1.05339915772317 0.895898822550891 1.01811340233022 1.00901293251562 1.05354459770399 0.97660723610585 1.11177627278825 1.0409181054025 1.00069470339371 0.982099654220719 1.07580285209042 0.992678002556706 0.99576844133829
"qu_fr003" 1.01862065756859 1.0994146537623 0.887667505094744 1.05448470825151 0.992415743858397 1.17471061183144 1.12768706586499 1.01198890740897 1.10400314902009 0.860191137641036 1.04993177212668 0.978437154748761 1.09969970709271 1.16832423866643 1.0508088897873 1.09205106459683 1.02286576087316 1.01227803840909 1.04220274336816 1.03925410132377 1.1189311816893 1.06786555359921 1.06433047144217 1.05016980814843 1.17838791269896 1.12165649959355 1.04473620842096 1.1940015202532 0.955229438235132 1.01598396665552 0 1.03119694344934 0.841734865830559 0.957856459005342 1.04826515201535 1.01092977203095 1.0891993368458 1.01889167249308 1.02476139510795 0.924714564852827 0.989865496524486 1.0523088626903 0.901160655142504 1.05890722571934 1.08763671101676 1.04031388508007 0.984138620873052 1.09077513778133 0.932601552922024 0.949744480267135 1.02948780812438 0.972570517920459 1.02251293729842 1.03620617354975 1.01549044543253 1.01277063121523 1.056889536299 1.09338177956279 1.02868690627793 1.07978821415995 1.02037540456846 1.0330408967913 1.04663865233768 1.08320369307969 1.03211480134922 1.0114721529618
"qu_fr004" 1.10544922220955 1.09076510244601 1.16482790770173 0.897606908653892 1.06801599596447 1.26059285779498 1.23804576402425 1.06246873707997 1.13654550938929 1.12028033087995 0.910501530737405 1.08499048242011 1.19959534361899 1.28335310846553 1.15751398599957 1.16293013195395 1.17916756400942 1.14415361000768 1.20988197826383 1.21623242666326 1.22081011680768 1.21773935514387 1.23591415951341 1.17049299717774 1.30287752112805 1.24830657370096 1.15904364545198 1.33254261540966 0.805520365216539 1.01408338028362 1.03119694344934 0 1.00671516376613 1.16346542825938 1.086814037391 1.14100225799614 1.27239138945325 1.05906156586958 1.12370594108203 1.07470074821763 1.12542464003843 1.13650705644717 1.14101053935852 1.10459436705098 1.13765256248227 1.2146770959342 1.0763600891413 1.14569050892212 1.18014432148556 1.14327955909161 1.05012403786131 1.04549605531507 1.30060295934781 1.12681479790059 1.07348474790182 1.07653131290321 1.13940146527099 1.13123548251607 1.1214382943537 1.24258966525452 1.16330959227585 1.16959447948013 1.10590973075341 1.15479481101446 1.08873330749505 1.07976373734445
"qu_fr005" 1.13630340105832 1.15360602470501 1.20633853037218 1.12075787835455 0.890246222275605 1.1849802660062 1.18726527633547 1.10222414089805 1.10967862245436 1.13996215677751 1.10525167572369 0.912418368756545 1.04578247511175 1.17141397069819 1.14117329926819 1.07192264485331 1.15966667105665 1.05041932779934 1.15993883114105 1.14094937141021 1.15832811124052 1.15848695686432 1.11979869826291 1.11453531666337 1.16407224759742 1.20270286036736 1.15271499927794 1.27336850116988 0.940840142247678 0.985626141248701 0.841734865830559 1.00671516376613 0 0.919432119410695 1.02279348596528 1.01034235583871 1.05386794117806 0.999536605931315 1.0903554416588 0.895174279705073 0.916761641989735 1.027928243314 0.857159774290683 1.01795599735246 1.05664563437078 1.00353407876726 0.980553622353526 1.09067576764892 0.966974964646535 1.00395328061269 1.0428701862848 1.07840554243819 1.01012416454759 1.03392226393067 1.0063208601951 0.997339725306789 1.02181841197795 1.01679778379708 1.00455569097279 1.05005139878941 1.03808908760874 1.01702314611925 1.07927269624435 1.06465848960622 0.993344938704329 0.996785145327926
"qu_fr015" 1.14008974203593 1.13410564169426 1.19006715461052 1.18921617175046 1.08542748009525 1.2368754204585 1.1445529082716 1.12621440909918 1.11300978680396 1.15828729561586 1.19154126481808 1.09528726242302 1.13646952549886 1.25115833105434 1.23814792420187 1.09520303399203 1.13407872809829 1.06800598260055 1.09847756499506 0.798041006275799 1.16891378305393 1.13160867987637 1.15765943928577 1.12009439837432 1.16359662831061 1.17496170727421 1.1323701626446 1.19291329160435 1.12552442810422 1.06478192752572 0.957856459005342 1.16346542825938 0.919432119410695 0 1.02473436076535 1.01194746837422 1.04860928202326 1.06974424823979 1.05508376752384 0.971383782557203 0.931434801635012 1.06166476037564 0.895705483278996 1.02504160322473 1.0298666095116 1.01111481039157 1.01944656466651 1.06657452601544 0.958991344937133 0.957574502920464 1.09436643688722 1.12557691289673 1.04050723842507 1.01807553335268 1.01810760351904 1.06300064394902 1.00257289770646 1.05954714679155 0.963759109009406 1.03196382952208 1.00096039198999 1.0420465281598 1.01007530265168 1.04232183946329 1.06826895465171 1.01435401477953
