"bg_fr001" "bg_fr002" "bg_fr003" "bg_fr004" "bg_fr005" "bg_fr009" "bg_fr016" "frmod_fr001" "frmod_fr002" "frmod_fr003" "frmod_fr004" "frmod_fr005" "frmod_fr006" "frmod_fr008" "frmod_fr010" "frmod_fr011" "frmod_fr012" "frmod_fr013" "frmod_fr014" "frmod_fr015" "frmod_fr016" "frmod_fr017" "frmod_fr018" "frmod_fr019" "frmod_fr020" "frold_049" "frold_fr012" "frold_fr042" "qu_fr001" "qu_fr002" "qu_fr003" "qu_fr004" "qu_fr005" "qu_fr015" "qu_fr016" "qu_fr021" "qu_fr024" "qu_fr025" "qu_fr027" "qu_fr028" "qu_fr029" "qu_fr030" "qu_fr031" "qu_fr032" "qu_fr034" "qu_fr035" "qu_fr036" "qu_fr037" "qu_fr039" "qu_fr040" "qu_fr041" "qu_fr043" "qu_fr044" "qu_fr048" "qu_fr049" "qu_fr052" "qu_fr053" "qu_fr054" "qu_fr055" "qu_fr056" "qu_fr057" "qu_fr061" "qu_fr063" "qu_fr064" "qu_fr065" "qu_fr066"
"bg_fr001" 0 0.747933745102491 0.737696458282545 0.762610144553349 0.853397024114148 1.06924362878192 1.01146951023129 0.666541108278531 1.02364408376427 0.954494609894985 0.991519152935046 0.973159838287979 1.12758288768679 1.18311522843815 1.03612629091928 0.997453274838044 1.05703443932443 1.04296384740896 1.0247220943983 1.01232564781885 1.06107892907363 1.05897354934411 1.23441580516337 1.04160879374096 1.1646261194632 1.06418442618753 0.986548478999853 1.16876646362145 0.849786599782206 1.05427934882844 1.02631362772134 1.15386989187542 1.13341231790228 1.08933778560038 1.16099448847017 1.22553636764704 1.20496742707874 1.07632233149583 1.19939964766841 1.20008365251759 1.07464988535504 1.18455412515879 1.16232212869894 1.19689125416094 1.0911551062024 1.27232474262058 1.05144312185593 1.13857190191547 1.19504952645805 1.22821722916015 1.14865669931006 1.26364326330421 1.35268874412257 1.15750617704919 1.06605340212346 1.01195991672669 1.17902070665602 1.26752188668366 1.12303800890919 1.24617620679537 1.18164187386713 1.1962778908281 1.06230477772051 1.20258422870757 1.07989487874963 1.1461001038117
"bg_fr002" 0.747933745102491 0 0.822961607963594 0.81166390870838 0.877587285285154 1.02836681703452 0.975961589686992 1.03704659158803 0.725441816631022 1.10678602729444 1.03521001690598 1.01352278924033 1.21968215731176 1.21452916011681 1.05454865910437 1.02213806398329 1.05796924618855 1.14637578070848 1.07217186796233 1.02097738971417 1.12906745389039 1.08789987043628 1.25359697859383 1.06337819534395 1.1889642467695 1.11305733442942 0.972912658950799 1.09636751800817 1.05700464805661 0.805740675836105 1.09674704027899 1.13174401086273 1.13004013875889 1.07231588983144 1.08593731645696 1.26106087409713 1.28028369716568 1.02416034934561 1.11790977553266 1.17857279629111 1.07387156553456 1.21939910242724 1.20691388876516 1.14892245233756 1.07808760737293 1.24347260398775 1.11066091596396 1.16482104274175 1.26793557767161 1.13197707840197 1.08858622699239 1.30765249091134 1.32737428020639 1.1973816896065 1.01662473224768 1.07813155370164 1.09374050669942 1.15016143571671 1.0798277026662 1.36983846125363 1.1505644769799 1.22534341277615 1.04326118602182 1.16371766017028 1.00180418912954 1.12707778450407
"bg_fr003" 0.737696458282545 0.822961607963594 0 0.805824256021243 0.999085325794161 1.1833504502265 1.02965832416537 0.992303724331724 1.07379205042814 0.702316710632914 1.05506892709401 1.05108166995447 1.22979157463803 1.25635132400218 1.10979359453713 1.11352856135885 1.08692177456013 1.09744688032019 1.08607844968342 1.09203909076753 1.0856279628998 1.09307272477985 1.19149621123018 1.1431158167514 1.19865807360663 1.12990283752746 1.04245395181842 1.17692904303808 1.09332877549941 1.15021364241498 0.927434539171805 1.18531709061313 1.21479067309987 1.16359071692323 1.16432501647064 1.2298238803295 1.33773470315426 1.21226626797436 1.28436974931231 1.22075558950032 1.22921120471537 1.24976601538681 1.28293305878177 1.25192959306272 1.2961948897778 1.41180337861142 1.1360188093052 1.22139708615484 1.27255999722627 1.2137302875809 1.25613283770092 1.27985576879244 1.39924596146717 1.15883776419426 1.16803271111166 1.09406409017461 1.30217712286775 1.29089576497186 1.17099561275306 1.33741032610817 1.18943037016129 1.22433593894487 1.20146253158596 1.23601746345728 1.14146620552185 1.16760017506025
"bg_fr004" 0.762610144553349 0.81166390870838 0.805824256021243 0 0.835774452206327 1.16632827276729 1.02861890763716 1.03461013271227 1.06927269518704 1.10682135794203 0.62946276127236 1.03776040489503 1.26355653406304 1.28259291628054 1.14448433640221 1.11384257166861 1.07983692557042 1.11188660411107 1.0585704150746 1.04452343751556 1.1219009761429 1.15855524436459 1.27437133576023 1.07106511144836 1.1571662279907 1.1507799997054 0.964386693277192 1.16923066875539 0.974438226518663 1.09065824323905 1.11117292625603 0.897995572073138 1.10926476878309 1.1399198645244 1.11242620854786 1.33332091406021 1.31818503796121 1.10200733549333 1.19485537871831 1.11766433134058 1.18166224534701 1.20838973734793 1.23687225401644 1.15756587990384 1.18477571307266 1.33170029784787 1.08909015650974 1.15160043571744 1.23602496997361 1.19164692901727 1.08843503184801 1.16962345823312 1.42911852301881 1.20432389482836 1.0563180070462 1.10328473505043 1.15815468342892 1.2274963665135 1.22108131566759 1.37179491574691 1.25192513376295 1.25820883267596 1.10891913642406 1.29048327590579 1.11805788125771 1.10952469896117
"bg_fr005" 0.853397024114148 0.877587285285154 0.999085325794161 0.835774452206327 0 0.918257540434552 0.960796906521486 1.01837485442659 1.06362788071942 1.17549400606572 1.05445430907429 0.727734234327184 0.995423965233258 1.10591235123658 1.06880510913615 0.958724033740636 1.12201758622892 1.02125733030437 0.959690677562018 0.948762265445159 1.05733090475914 1.0592763535723 1.04948414055947 0.954073565465632 1.115360613188 1.14924010149429 1.06233877180113 1.25302281906556 0.964109538334711 1.1014224655057 1.01757912512046 1.13382564348398 0.81163532840042 1.01295505448703 1.08803191241209 1.17467098894485 1.12353644484572 1.08353228905073 1.1846719877677 1.10610738792478 1.03290107238969 1.15319777097388 1.06639017353838 1.1086480977909 1.11574628266536 1.17838168365153 1.09656094598742 1.20552724931035 1.10651185080809 1.20378718373101 1.12832364166066 1.24787275919552 1.27392253928678 1.12843337804039 1.01209896595013 1.01251333433629 1.1415020101285 1.17646678415663 1.05530945970339 1.21077140454559 1.11700873477261 1.10800624757143 1.07038445748362 1.09524706063469 0.939149259147745 1.04647736021071
"bg_fr009" 1.06924362878192 1.02836681703452 1.1833504502265 1.16632827276729 0.918257540434552 0 1.13540924147482 1.22500056129409 1.1392227330622 1.28240180288155 1.30485813326433 1.102109734952 1.12685321045614 1.09340659790418 1.04390804346483 1.03264795681337 1.23672097782595 1.14703246772234 1.0954570530777 1.11033529849244 1.16629900799767 1.09784626153538 1.20553541979398 1.1769206821893 1.20888007687978 1.29535812573798 1.21653279284843 1.2997920676586 1.22687496875651 1.13747530248194 1.22050867906166 1.29281248850723 1.16856054694301 1.27018832262449 1.30659401108331 1.34802743205776 1.2667389901358 1.19867505992282 1.30340949239697 1.30627028158249 1.17190307391132 1.32640947469842 1.15261827412755 1.37083756850971 1.23259220644602 1.28980217986327 1.30564064708977 1.31766664830604 1.32365818670632 1.24250899232669 1.2989224263247 1.37049748200558 1.42828565305216 1.41160246643184 1.19575079531642 1.31126238855716 1.31917496413069 1.25839878219852 1.24963685400007 1.38913097194257 1.3829819822158 1.30915788541402 1.19344553456853 1.32396298872896 1.13714746467077 1.26309813447805
"bg_fr016" 1.01146951023129 0.975961589686992 1.02965832416537 1.02861890763716 0.960796906521486 1.13540924147482 0 1.20264501986553 1.18175292625108 1.17616973506723 1.23352798944953 1.18488035984849 1.17616005892972 1.23252161077252 1.21231916556554 1.10164876229407 1.14900975984201 1.07915993013941 1.04933131685383 0.98170466529101 0.562573052537358 0.955765596274992 1.18684741814711 1.08487368062703 1.06814415977258 1.18987964976536 1.07827673418896 1.13660811444633 1.25270817083694 1.16293954483118 1.14495946154195 1.27104145996575 1.1650276719647 1.07487285817404 0.754294086866917 1.22092895828338 1.19936274288273 1.1384006403178 1.12317173704458 1.20267554969435 1.0888266464259 1.10215679675882 1.1978325645688 0.970651027154736 1.13793758330731 1.1670937492917 1.18135808009115 1.22150035377747 1.1791325205579 1.13522134543873 1.16222198272683 1.26272916524131 1.24667753383868 1.06200039087595 1.09368120948688 1.09304198798432 1.19831602912338 1.14145768484779 1.11684606963393 1.17341343538073 1.1686271153117 1.15393158712645 1.10830579394541 1.15674445487196 1.00963277349483 1.10233364172242
"frmod_fr001" 0.666541108278531 1.03704659158803 0.992303724331724 1.03461013271227 1.01837485442659 1.22500056129409 1.20264501986553 0 0.824090170830583 0.75380242607988 0.787998766589485 0.751460884567516 0.900585177645939 0.968935887253264 0.799901052952943 0.782040341673089 0.878124294059882 0.824695770867334 0.900780388257971 0.870463467167397 0.928283845340755 0.925170761374283 1.07264305928132 0.846099080028006 0.959669501198549 0.920505849669098 1.0142518622504 1.00749485370084 0.870590448377984 1.11580981809385 1.08633852962599 1.1281631711701 1.12760120128477 1.11063280810882 1.1762333649496 1.29767736568038 1.20878630249284 1.11884665216929 1.23334012482694 1.23507856476337 1.1449562168573 1.29054554467432 1.18157817748507 1.246129872755 1.18729497585055 1.3268685810985 1.14844107658236 1.14523777725568 1.30100124745114 1.22427604172797 1.20317916821434 1.27422483723854 1.4025715890331 1.19335668317367 1.1517951535493 1.15194149384861 1.18364619470096 1.32127729304799 1.15726479414007 1.27270718570437 1.29382469363865 1.21375213712136 1.14552825790675 1.22492059541616 1.08915998701621 1.20432031011257
"frmod_fr002" 1.02364408376427 0.725441816631022 1.07379205042814 1.06927269518704 1.06362788071942 1.1392227330622 1.18175292625108 0.824090170830583 0 0.820940536133574 0.87667122483816 0.763442145836281 0.945552317489321 0.958386138327395 0.767260814475615 0.836116297104861 0.88463826240313 0.847503162053014 0.898755795983036 0.882545260674064 0.962496217608912 0.911294339178815 1.07279504894914 0.83550518898658 0.968464844978486 1.00423671571181 0.986624167380532 1.02380853002855 1.07522678863477 0.932217171005787 1.14788272688883 1.17763874807896 1.10039197885273 1.0829060069124 1.15653947347873 1.32388417451976 1.33965706479933 1.09250237075135 1.19404829920742 1.20050481223398 1.09608100895219 1.29828622120388 1.19245232347538 1.18925322042575 1.15292609132185 1.24247922870105 1.18788230591165 1.18215544926971 1.27183938551465 1.13620830307901 1.11797303899713 1.32589020692915 1.33418088323536 1.28627086209805 1.09435355404643 1.19923557461079 1.15085888989804 1.19508419994941 1.09091971889191 1.3338448860447 1.18918944856514 1.23585310746504 1.08369575571269 1.21669284441827 1.00760702354761 1.16036313744182
"frmod_fr003" 0.954494609894985 1.10678602729444 0.702316710632914 1.10682135794203 1.17549400606572 1.28240180288155 1.17616973506723 0.75380242607988 0.820940536133574 0 0.863418663854198 0.838224845459066 1.02944447855465 1.03552291720479 0.866217921634224 0.911890669619948 0.898613177920275 0.824210605932705 0.938857777102485 0.948119477438989 0.911910878561088 0.954076439502369 1.01991289777612 0.909827435021624 1.06254526356927 0.985622028529894 1.01352416224714 1.07388837531699 1.09956783573049 1.20507064853644 0.955634110457725 1.19920538545232 1.20257697966244 1.17223416958852 1.15130021247105 1.27916085397201 1.35769173486972 1.21372535038371 1.28523341983798 1.23428046059754 1.22053145411008 1.27883271818042 1.25412602927761 1.2245434574827 1.3351219582931 1.39032841990374 1.15237149416324 1.22871168617045 1.2366286832907 1.206651064712 1.20261903300258 1.23329077339412 1.4082464622103 1.18920244140002 1.13289436245267 1.14718518883709 1.26081381793592 1.29805727880949 1.19935940722332 1.25300469717526 1.25357700443574 1.22721501422304 1.14333967733372 1.26275971280158 1.11915281908378 1.2227432756324
"frmod_fr004" 0.991519152935046 1.03521001690598 1.05506892709401 0.62946276127236 1.05445430907429 1.30485813326433 1.23352798944953 0.787998766589485 0.87667122483816 0.863418663854198 0 0.850674594757499 1.10887932841709 1.13534084430468 0.890070873906814 0.940785073990805 0.807721178847939 0.887375095653179 0.887133955675935 0.92634032681871 0.995800575420234 1.0072629779027 1.1114307708478 0.873634169461303 1.05374283956922 0.983232802323734 0.949232250460498 1.05189640914076 1.02635571965324 1.1462818801756 1.11239437559948 0.951405239782229 1.1361439032043 1.18429542300686 1.15268322500261 1.36436124908901 1.34987260809679 1.11448764465887 1.26124741519318 1.20365620723638 1.21294854800959 1.32156931949794 1.25459089808181 1.21412126719986 1.26083000954247 1.3947918012744 1.16229581479822 1.23491124304837 1.31152443603537 1.25211482818024 1.12102619914157 1.19072111139765 1.50089308563029 1.28191665416975 1.13767737081898 1.22745542891439 1.26240230654597 1.31887870351739 1.30504333688086 1.43359125800865 1.39356137261878 1.3906408609335 1.16814628169778 1.42466356152933 1.16130525293914 1.18623546914301
"frmod_fr005" 0.973159838287979 1.01352278924033 1.05108166995447 1.03776040489503 0.727734234327184 1.102109734952 1.18488035984849 0.751460884567516 0.763442145836281 0.838224845459066 0.850674594757499 0 0.847679661747936 0.885688812451925 0.828719192205699 0.764993696333677 0.946340943768497 0.78220271943485 0.829060500132216 0.838315106432849 0.863009631623076 0.967777796879793 0.936470544452924 0.767528136486404 0.936153934448638 0.899577439656295 1.04183761131398 1.04308017763252 0.984909435308657 1.0944278483805 1.03781028241335 1.18821316420593 0.859542945098397 1.06939994784446 1.11895125498443 1.22516923646153 1.17881842541462 1.09181045903401 1.16099418876193 1.11803777915579 1.01460457819468 1.21751451777106 1.10549205976426 1.16048722159868 1.17290289142746 1.21048855096927 1.11329747750322 1.17082787714925 1.17022949114314 1.19342224961233 1.13128683442055 1.22892730201368 1.33431154819617 1.13173005496944 1.06080582106875 1.08626052579393 1.13535539586177 1.19932727227422 1.05484699127871 1.26032626954127 1.15501852191051 1.16868727462331 1.10981868138095 1.11741083716859 1.0286770893327 1.05329918757508
"frmod_fr006" 1.12758288768679 1.21968215731176 1.22979157463803 1.26355653406304 0.995423965233258 1.12685321045614 1.17616005892972 0.900585177645939 0.945552317489321 1.02944447855465 1.10887932841709 0.847679661747936 0 0.815813628171629 0.919634139714414 0.76154348826985 1.1327368628344 0.768340483050384 0.890935812195069 0.812843838885341 0.943932197512113 0.975943332048055 0.916186322293398 0.967156098890443 0.763147907482417 1.07451757824821 1.23242580011134 1.15927313873393 1.07362677369884 1.23175178853401 1.16481514237764 1.30173210433064 1.03385757510898 1.09470406702749 1.11783117331123 1.18512137168088 1.01622965510775 1.29047150297728 1.26721517265713 1.22415455674619 1.09843564056307 1.29067410944579 1.17474851701547 1.23894912224676 1.24841086240002 1.25413501722116 1.20977623934096 1.26022396707526 1.27218571287969 1.25919392699917 1.29465224684969 1.4168195857193 1.13530185100846 1.14018171762581 1.11268887269232 1.23345720787531 1.17411484722741 1.16115155781091 1.03145209346177 1.20376298583623 1.089410044493 1.20710556928344 1.23780077746932 1.05735841242962 1.05072592046913 1.16679910047005
"frmod_fr008" 1.18311522843815 1.21452916011681 1.25635132400218 1.28259291628054 1.10591235123658 1.09340659790418 1.23252161077252 0.968935887253264 0.958386138327395 1.03552291720479 1.13534084430468 0.885688812451925 0.815813628171629 0 0.87128610819664 0.866448284127373 1.11843076707155 0.874016357598309 0.904043159779564 0.996045191668673 0.970503375367959 0.983506307207951 0.902526568755194 1.02319708893334 0.888977956822548 1.12311962248265 1.20215576237834 1.13549384355039 1.22877651454333 1.22350580740069 1.30286391266152 1.3691079284101 1.19937537669639 1.30173482290896 1.2343505269816 1.34002337910502 1.21751690157476 1.29409558953667 1.41348812077465 1.37920905945088 1.22261746212048 1.37245658414842 1.32300940852535 1.34889515157929 1.23510914792041 1.30269279046691 1.34702237109922 1.36962888027158 1.41842447441634 1.40125793310223 1.37402827311691 1.49259025951722 1.37618866885257 1.27348955593884 1.26575221146549 1.22458424531329 1.30928895551037 1.31907512614396 1.13044416436706 1.37381610374048 1.2908353348067 1.34072241923963 1.31170305697322 1.13002604304283 1.1096980609889 1.25561241921773
"frmod_fr010" 1.03612629091928 1.05454865910437 1.10979359453713 1.14448433640221 1.06880510913615 1.04390804346483 1.21231916556554 0.799901052952943 0.767260814475615 0.866217921634224 0.890070873906814 0.828719192205699 0.919634139714414 0.87128610819664 0 0.891752364376837 0.873305043438642 0.805860032164793 0.775546790198761 0.932617952741661 0.915902743102447 0.871304109376824 0.989311498075708 0.874668362163291 0.920437462025105 0.99834229567 1.01089817892722 1.01981193371253 1.10753336367744 1.12660122470787 1.11787863802342 1.1476041295553 1.17490785069637 1.19539285779324 1.19258357550354 1.25272717030605 1.21893678935474 1.14203599433626 1.24822237924113 1.28117990472592 1.18513289195222 1.33457764848631 1.18185205065954 1.36659230886528 1.27288280909706 1.26770674752195 1.2462049422824 1.27866239561271 1.33920121265158 1.2826267400683 1.22150649856855 1.3584288656658 1.4304716479978 1.30616984919148 1.22653827945189 1.19578272329142 1.22333355951018 1.27146690647636 1.12697206377906 1.38033066278512 1.27237503496576 1.34034369903672 1.18140292703036 1.27715802689564 1.03311713179419 1.21027290932863
"frmod_fr011" 0.997453274838044 1.02213806398329 1.11352856135885 1.11384257166861 0.958724033740636 1.03264795681337 1.10164876229407 0.782040341673089 0.836116297104861 0.911890669619948 0.940785073990805 0.764993696333677 0.76154348826985 0.866448284127373 0.891752364376837 0 0.955415285117058 0.762698143726436 0.81985233054413 0.720172906888483 0.833659780748491 0.800057700626602 0.956355662587054 0.864409801852367 0.803643385605404 0.95487911025779 1.04159230369966 1.00763816820709 1.00182630788605 1.03886291439187 1.12341089589645 1.19040893419274 1.05972742909321 1.09539608932637 1.06142094102534 1.16656062395174 1.12034521283514 1.02462854686584 1.13766015133174 1.22278886696145 1.02045907647829 1.15049666124704 1.11071596182113 1.08774450759604 1.11686888312696 1.18504867302502 1.1109905819993 1.15951252494173 1.17431445434773 1.15824239280662 1.1454980183319 1.29862243176057 1.25330579267258 1.08408471520771 1.05890009986703 1.0692862145127 1.14577786324101 1.17469762652906 1.05542401301878 1.1450294478361 1.18500316831317 1.08806561738828 1.09841902303578 1.06929830265343 0.9511260229267 1.09032143213304
"frmod_fr012" 1.05703443932443 1.05796924618855 1.08692177456013 1.07983692557042 1.12201758622892 1.23672097782595 1.14900975984201 0.878124294059882 0.88463826240313 0.898613177920275 0.807721178847939 0.946340943768497 1.1327368628344 1.11843076707155 0.873305043438642 0.955415285117058 0 0.896453785529749 0.840277220770554 0.843176663866054 0.885345128665795 0.912247319954062 1.0227191053131 0.764830549027239 1.03988490900539 0.870438101484517 0.3721742997995 0.890010106865855 1.13134170703142 1.18074767955167 1.13400844590556 1.24072146364052 1.24813721200869 1.16878991420617 1.15171947624448 1.26411727159075 1.28104921286412 1.13672305651254 1.20569573262672 1.23003849974645 1.20674300099528 1.30195917663189 1.23572638387296 1.20373425565648 1.21779738231355 1.35330307628296 1.188270168359 1.16904430304596 1.31020651936074 1.16979230361815 1.16433498014392 1.24917499510717 1.37521780784806 1.22474585935026 1.09421990535273 1.25153308524057 1.22274360593744 1.24683120976235 1.17347235563408 1.30940064482298 1.26190005252431 1.29385519486902 1.06127053624732 1.3472460786852 1.11733881061863 1.11940928129914
"frmod_fr013" 1.04296384740896 1.14637578070848 1.09744688032019 1.11188660411107 1.02125733030437 1.14703246772234 1.07915993013941 0.824695770867334 0.847503162053014 0.824210605932705 0.887375095653179 0.78220271943485 0.768340483050384 0.874016357598309 0.805860032164793 0.762698143726436 0.896453785529749 0 0.780084999127597 0.789012372984365 0.789220870451242 0.815897857601775 0.826611256603247 0.848305413814222 0.869863933435445 0.995946335004524 1.02539466753223 1.00405949072495 1.08247016944516 1.14372171658858 1.04582740630734 1.17642521474936 1.09536691924363 1.10015729074007 1.06070349898261 1.16947920028692 1.05081185840595 1.13360134777464 1.20024697592297 1.12856213776525 1.02191580555253 1.18047297293392 1.09842248223968 1.18223454978403 1.22769009546282 1.10279640062773 1.126505701241 1.23516255327552 1.18784467623739 1.18523776815254 1.22112321610431 1.22307037612235 1.18417532239914 1.08208918555765 1.08715091060796 1.19359782312393 1.18813442410878 1.18859948964979 1.07370440676047 1.24368447542418 1.18633340970131 1.1944949749858 1.18396423860865 1.2118702411107 1.03448205041719 1.16206741557014
"frmod_fr014" 1.0247220943983 1.07217186796233 1.08607844968342 1.0585704150746 0.959690677562018 1.0954570530777 1.04933131685383 0.900780388257971 0.898755795983036 0.938857777102485 0.887133955675935 0.829060500132216 0.890935812195069 0.904043159779564 0.775546790198761 0.81985233054413 0.840277220770554 0.780084999127597 0 0.712271767178875 0.79197121864816 0.808153117205787 0.841505126952417 0.749264789151512 0.880229479419323 0.970131517417285 1.00172761142287 1.05544199448756 1.06708358372833 1.19198381420177 1.09551299102783 1.17351451231452 1.09441734728332 1.09749519421065 1.11003992327329 1.16045635743173 1.17305180182457 1.18223386583569 1.29745127994235 1.25699302557085 1.13143092051831 1.26194788914433 1.14039842023744 1.17952660415902 1.27734475830591 1.2409345356827 1.24076412403724 1.22975532248941 1.23993671057215 1.2678403916091 1.20089235598918 1.30070904448457 1.36764550268535 1.14352974403738 1.1037973183978 1.13646302802887 1.24797090874884 1.27785155251077 1.11444127955188 1.28692664244173 1.26710024657638 1.26250786312078 1.17578399146405 1.25419802366058 0.991165481086965 1.15352298009185
"frmod_fr015" 1.01232564781885 1.02097738971417 1.09203909076753 1.04452343751556 0.948762265445159 1.11033529849244 0.98170466529101 0.870463467167397 0.882545260674064 0.948119477438989 0.92634032681871 0.838315106432849 0.812843838885341 0.996045191668673 0.932617952741661 0.720172906888483 0.843176663866054 0.789012372984365 0.712271767178875 0 0.746153312133779 0.805168252089613 0.888886753346026 0.784710235093041 0.841498944407619 1.01637794194139 0.932088085364488 0.998369143837932 1.04649321665547 1.13615865379251 1.01804948459783 1.17941861936107 1.08391838906557 0.786570467012145 1.02665217355602 1.0953046329978 1.08963944291003 1.06260964676415 1.17736942942406 1.19189170601377 0.972394961813332 1.13641643716356 1.03158138028314 1.09271582900252 1.19877386996149 1.13320105301654 1.06192386416765 1.16138548660463 1.14323109797758 1.14845426679148 1.13200685103472 1.20775408759223 1.21355617496101 1.01239392271935 1.04239683842565 1.10880900951086 1.1043981885983 1.15864426265982 1.04089807819577 1.11929218732706 1.11553506385717 1.12769349654214 1.04629590346525 1.15402175036228 1.03367054186122 1.09208526591443
"frmod_fr016" 1.06107892907363 1.12906745389039 1.0856279628998 1.1219009761429 1.05733090475914 1.16629900799767 0.562573052537358 0.928283845340755 0.962496217608912 0.911910878561088 0.995800575420234 0.863009631623076 0.943932197512113 0.970503375367959 0.915902743102447 0.833659780748491 0.885345128665795 0.789220870451242 0.79197121864816 0.746153312133779 0 0.739212183086289 0.892575496729513 0.844037571270708 0.853398247043773 0.984212379806711 0.964811468603226 0.94815750606841 1.15692357383834 1.13839956952867 1.08518002120944 1.21668486279697 1.12531981558759 1.09334741788475 0.788928291997314 1.16074035704696 1.14598944107423 1.12815491894488 1.14097851267492 1.15911124230723 1.0427665398658 1.06972862664126 1.15974217013157 1.03572582627407 1.19001230187188 1.10644578332203 1.16239702141513 1.1748144085147 1.15717327812348 1.16215444158329 1.132599669707 1.24567228498062 1.26991509706109 1.04511507149329 1.10953686015786 1.09807052758705 1.22130520298018 1.1916054163634 1.10255534418014 1.12514794627693 1.22021867641434 1.1782224071326 1.11223970819379 1.20508124278593 0.982434852338332 1.14994558270534
"frmod_fr017" 1.05897354934411 1.08789987043628 1.09307272477985 1.15855524436459 1.0592763535723 1.09784626153538 0.955765596274992 0.925170761374283 0.911294339178815 0.954076439502369 1.0072629779027 0.967777796879793 0.975943332048055 0.983506307207951 0.871304109376824 0.800057700626602 0.912247319954062 0.815897857601775 0.808153117205787 0.805168252089613 0.739212183086289 0 0.804620864699211 0.838924689032933 0.974771385170274 1.09040747644028 1.01941490334637 0.898159095900991 1.19013120977788 1.07746314923917 1.04967364277797 1.24835122912827 1.16174792027966 1.09414067106906 1.04222311303569 1.1878216537808 1.11612162884038 1.05917665841179 1.15796973783631 1.25044010732772 1.06639152175175 1.07333234074077 1.11199139965538 1.13895276560293 1.13799416799916 1.12304243748511 1.17165103206359 1.21494826483794 1.16241870471672 1.10850869300282 1.2016074762532 1.29626875466371 1.26705044267327 1.18369358799704 1.1295348907305 1.1328164082329 1.22952768656653 1.26211617601334 1.16151347479378 1.17009290812925 1.20315390202839 1.18557879815198 1.11537790881454 1.18692887150173 1.03108529576683 1.21610901135821
"frmod_fr018" 1.23441580516337 1.25359697859383 1.19149621123018 1.27437133576023 1.04948414055947 1.20553541979398 1.18684741814711 1.07264305928132 1.07279504894914 1.01991289777612 1.1114307708478 0.936470544452924 0.916186322293398 0.902526568755194 0.989311498075708 0.956355662587054 1.0227191053131 0.826611256603247 0.841505126952417 0.888886753346026 0.892575496729513 0.804620864699211 0 0.933225743435241 0.961507337416238 1.18684518166448 1.10841388426388 1.16265192131757 1.30498916650294 1.28950124593606 1.18505175603235 1.41927223406504 1.19875194187387 1.24124140551949 1.24341799243995 1.25670116633945 1.17272560913087 1.29931452237796 1.43163041997315 1.33420446774004 1.25523579693433 1.31222835534225 1.24904921676902 1.31340194989497 1.32528107535051 1.31631829710707 1.34948503632123 1.38807738801324 1.34841238352591 1.31639149091007 1.35500108844687 1.44034609610928 1.35583933952016 1.24623928828653 1.22448549769528 1.33210124087965 1.3404853165093 1.31962520979809 1.19027347999032 1.29390540318106 1.28427519543524 1.30327103567673 1.32213914127778 1.23919415365962 1.13345693410596 1.33622594257568
"frmod_fr019" 1.04160879374096 1.06337819534395 1.1431158167514 1.07106511144836 0.954073565465632 1.1769206821893 1.08487368062703 0.846099080028006 0.83550518898658 0.909827435021624 0.873634169461303 0.767528136486404 0.967156098890443 1.02319708893334 0.874668362163291 0.864409801852367 0.764830549027239 0.848305413814222 0.749264789151512 0.784710235093041 0.844037571270708 0.838924689032933 0.933225743435241 0 1.01225744408897 0.890501342887125 0.913660567881236 0.914497458661699 1.09410379218167 1.14064613142686 1.09232701809406 1.1934410907304 1.07414259232825 1.0728867383913 1.11928478283553 1.23645756646699 1.25354118988514 1.14117917495208 1.13849503513395 1.18024222337878 1.11331115819575 1.28391204874028 1.11665402633056 1.20169917530283 1.18416707258342 1.24500813226775 1.14823458448846 1.10290269103044 1.19882067960212 1.09747519604305 1.07451607610703 1.11766612311531 1.409495478626 1.14082984867867 0.982548796575614 1.13896563577003 1.14882025167709 1.17450749492295 1.15454757459427 1.30876751125829 1.2055669030182 1.23075912924296 1.02622322800241 1.25543391624966 0.988684120045116 1.11668563286337
"frmod_fr020" 1.1646261194632 1.1889642467695 1.19865807360663 1.1571662279907 1.115360613188 1.20888007687978 1.06814415977258 0.959669501198549 0.968464844978486 1.06254526356927 1.05374283956922 0.936153934448638 0.763147907482417 0.888977956822548 0.920437462025105 0.803643385605404 1.03988490900539 0.869863933435445 0.880229479419323 0.841498944407619 0.853398247043773 0.974771385170274 0.961507337416238 1.01225744408897 0 1.0389112528048 1.14584955960151 1.03816993096859 1.20111405366588 1.2657538527792 1.24279243007544 1.30533672247629 1.16878135520244 1.15494383885872 1.07942713657913 1.21002567616538 1.11824728693111 1.28632661603565 1.2888279660789 1.28369199816664 1.17499587796044 1.29790049310311 1.26463156249878 1.17204767952355 1.22433938653308 1.28458686165424 1.21135008517054 1.22539127529687 1.27355904874425 1.27346811178306 1.29163405915813 1.43572305699311 1.26181673572968 1.02670891028969 1.19466170821578 1.17330953227136 1.15295490309564 1.23678703853921 1.08676796985857 1.25476414698124 1.1368680331593 1.14851822060174 1.21477038839912 1.14174621300652 1.03525993580761 1.1903987612879
"frold_049" 1.06418442618753 1.11305733442942 1.12990283752746 1.1507799997054 1.14924010149429 1.29535812573798 1.18987964976536 0.920505849669098 1.00423671571181 0.985622028529894 0.983232802323734 0.899577439656295 1.07451757824821 1.12311962248265 0.99834229567 0.95487911025779 0.870438101484517 0.995946335004524 0.970131517417285 1.01637794194139 0.984212379806711 1.09040747644028 1.18684518166448 0.890501342887125 1.0389112528048 0 0.995319077841107 0.882304126011805 1.16222885304874 1.25588044923567 1.18964826691841 1.30592986694063 1.24499193073009 1.19705929097521 1.18391174089227 1.29613697016107 1.24294771981089 1.21880700930513 1.17297132571196 1.29049521141866 1.18203201775854 1.3322353675786 1.23862779862134 1.26975497985922 1.15365572962796 1.31342398353911 1.21898935607655 1.18946609707255 1.28241050275407 1.13521375154276 1.25792065999369 1.23405402176898 1.32793168790216 1.13324917482859 0.920137323521259 1.19543642179083 1.1785558563959 1.24725207447158 1.14165063465667 1.33997507639636 1.29730223082831 1.15170934825469 1.13794365403177 1.25944789363973 1.10510320560282 1.16109141915909
"frold_fr012" 0.986548478999853 0.972912658950799 1.04245395181842 0.964386693277192 1.06233877180113 1.21653279284843 1.07827673418896 1.0142518622504 0.986624167380532 1.01352416224714 0.949232250460498 1.04183761131398 1.23242580011134 1.20215576237834 1.01089817892722 1.04159230369966 0.3721742997995 1.02539466753223 1.00172761142287 0.932088085364488 0.964811468603226 1.01941490334637 1.10841388426388 0.913660567881236 1.14584955960151 0.995319077841107 0 1.00976115191835 1.12918951975103 1.15490468127761 1.13519798504381 1.20157398899207 1.21113926701423 1.13191907103123 1.12211954873674 1.2300197234411 1.2964018913204 1.11514476742912 1.18929633139443 1.19788119180112 1.21110877465975 1.25509307409182 1.25170752734882 1.18854537924296 1.17049355946594 1.33601030093486 1.14161355366195 1.12678783526336 1.30372185507363 1.15183063772001 1.12394663912879 1.24740376228058 1.39309306545591 1.23461749195586 1.08329455734318 1.24847845492915 1.188600478766 1.19542189552556 1.1756566533589 1.33067108112027 1.24745988371091 1.29814775195874 1.09110954013861 1.34843090328117 1.10736755863903 1.14522142540868
"frold_fr042" 1.16876646362145 1.09636751800817 1.17692904303808 1.16923066875539 1.25302281906556 1.2997920676586 1.13660811444633 1.00749485370084 1.02380853002855 1.07388837531699 1.05189640914076 1.04308017763252 1.15927313873393 1.13549384355039 1.01981193371253 1.00763816820709 0.890010106865855 1.00405949072495 1.05544199448756 0.998369143837932 0.94815750606841 0.898159095900991 1.16265192131757 0.914497458661699 1.03816993096859 0.882304126011805 1.00976115191835 0 1.37223732809838 1.22366258574827 1.27177162712902 1.38888206723019 1.37362134487681 1.26559656964545 1.1548014740635 1.42427140209956 1.25787272662142 1.20837319364689 1.13815324108279 1.31250015256693 1.25832992236856 1.25537548729929 1.26882175911194 1.24222983094368 1.20515202957973 1.18340968463765 1.28196794020217 1.21940126873537 1.34394039269376 1.08848602372567 1.26592381501319 1.25719301716943 1.44133589613117 1.20281558675135 1.16840622307615 1.24208502414126 1.13332192135779 1.20501004639758 1.2405528946792 1.41009306578056 1.30831672645984 1.12595015273461 1.12494100348593 1.32601244141468 1.07043423455414 1.19472190270238
"qu_fr001" 0.849786599782206 1.05700464805661 1.09332877549941 0.974438226518663 0.964109538334711 1.22687496875651 1.25270817083694 0.870590448377984 1.07522678863477 1.09956783573049 1.02635571965324 0.984909435308657 1.07362677369884 1.22877651454333 1.10753336367744 1.00182630788605 1.13134170703142 1.08247016944516 1.06708358372833 1.04649321665547 1.15692357383834 1.19013120977788 1.30498916650294 1.09410379218167 1.20111405366588 1.16222885304874 1.12918951975103 1.37223732809838 0 0.915567796627634 0.967486566176238 0.7529753654336 0.830787168134553 0.953698219924683 1.03363730773718 1.13336922983826 1.10839015820205 1.0114881537206 1.10967653079579 1.04326684794359 1.00341191222206 1.18294375391451 1.0471500058403 1.07593275788009 1.0707448702093 1.2431183581628 0.991570394094673 1.02810894878597 1.1161108243609 1.16249724913217 1.04032109378527 1.18428405470623 1.3006682721473 1.144995215032 0.954812193963119 0.957348959435529 1.02361355466401 1.14716195562242 1.04378815781214 1.22260147076114 1.1594298154445 1.08990850693603 0.918747100568439 1.06401203608567 0.935535756620232 0.977508335701022
"qu_fr002" 1.05427934882844 0.805740675836105 1.15021364241498 1.09065824323905 1.1014224655057 1.13747530248194 1.16293954483118 1.11580981809385 0.932217171005787 1.20507064853644 1.1462818801756 1.0944278483805 1.23175178853401 1.22350580740069 1.12660122470787 1.03886291439187 1.18074767955167 1.14372171658858 1.19198381420177 1.13615865379251 1.13839956952867 1.07746314923917 1.28950124593606 1.14064613142686 1.2657538527792 1.25588044923567 1.15490468127761 1.22366258574827 0.915567796627634 0 1.06633973838771 1.01296484436321 0.937379385822631 1.03995995867838 0.926144376597846 1.09193504545309 1.15062653595307 0.862725459492727 0.915181641104343 1.04287607682438 0.91164276925435 1.07956285217567 1.09673703539956 0.987335583821651 0.96019824848683 1.07938921817133 0.961554972255657 1.03635898627166 1.06726760650432 0.996292984712994 0.969416857433722 1.1230131353206 1.21543495103089 1.09014175981792 0.887257341178383 0.98552655508918 0.9747451090685 1.04267974070264 0.986667233183397 1.13829359732192 1.10891360091476 1.04726999797188 0.916232891830151 1.13622783905635 0.907920354895164 1.03046449449577
"qu_fr003" 1.02631362772134 1.09674704027899 0.927434539171805 1.11117292625603 1.01757912512046 1.22050867906166 1.14495946154195 1.08633852962599 1.14788272688883 0.955634110457725 1.11239437559948 1.03781028241335 1.16481514237764 1.30286391266152 1.11787863802342 1.12341089589645 1.13400844590556 1.04582740630734 1.09551299102783 1.01804948459783 1.08518002120944 1.04967364277797 1.18505175603235 1.09232701809406 1.24279243007544 1.18964826691841 1.13519798504381 1.27177162712902 0.967486566176238 1.06633973838771 0 1.01893829244419 0.844852644074048 0.907486976356474 1.05801870126866 1.02398290116653 1.05915912672647 1.06811449169759 1.08665243174546 0.961289572860646 0.936307566886742 1.15409414906074 0.946507491201956 1.18536092813958 1.17189361179127 1.13665816835961 0.969704877680215 1.13435108478805 0.945731792144557 0.997794103198314 1.11910260224662 0.995393363836337 1.11907039278526 1.10908775555718 1.04683796032364 1.0244831450313 1.08586124336157 1.18369267132547 1.07045003537278 1.15433873763639 1.06203383331823 1.11413361455091 1.02588848365224 1.22883448744676 0.979672002532193 1.08230074723308
"qu_fr004" 1.15386989187542 1.13174401086273 1.18531709061313 0.897995572073138 1.13382564348398 1.29281248850723 1.27104145996575 1.1281631711701 1.17763874807896 1.19920538545232 0.951405239782229 1.18821316420593 1.30173210433064 1.3691079284101 1.1476041295553 1.19040893419274 1.24072146364052 1.17642521474936 1.17351451231452 1.17941861936107 1.21668486279697 1.24835122912827 1.41927223406504 1.1934410907304 1.30533672247629 1.30592986694063 1.20157398899207 1.38888206723019 0.7529753654336 1.01296484436321 1.01893829244419 0 0.961427847528099 1.09888749409802 1.0417696310626 1.26827378787379 1.27957044425564 1.00453053785426 1.15628941352089 1.01502442677619 1.11233955888974 1.20695999191544 1.14821964935401 1.22069583068732 1.14511026209376 1.285489274265 1.04942518808089 1.15659516239797 1.19080727073395 1.18536354969863 0.996918711199046 1.07810719446432 1.4210522506616 1.24278016396959 1.05656403067608 1.00379322597393 1.1474866437271 1.18942765785746 1.13160643050541 1.34625983975608 1.24382464297364 1.277105246893 0.983657748803256 1.23859997012199 1.00120443405548 1.08531682447645
"qu_fr005" 1.13341231790228 1.13004013875889 1.21479067309987 1.10926476878309 0.81163532840042 1.16856054694301 1.1650276719647 1.12760120128477 1.10039197885273 1.20257697966244 1.1361439032043 0.859542945098397 1.03385757510898 1.19937537669639 1.17490785069637 1.05972742909321 1.24813721200869 1.09536691924363 1.09441734728332 1.08391838906557 1.12531981558759 1.16174792027966 1.19875194187387 1.07414259232825 1.16878135520244 1.24499193073009 1.21113926701423 1.37362134487681 0.830787168134553 0.937379385822631 0.844852644074048 0.961427847528099 0 0.813742031968091 1.00088326743235 1.04714532774632 1.00901893571027 0.954668861790399 1.08556582057411 0.926726203455269 0.839734683010854 1.1243198831882 0.879511301931972 1.02897581688152 1.01372130417811 1.05498597407717 0.903073525905948 1.06422472403376 0.956892387835976 1.01092443186699 1.03723845207754 1.11731971477728 1.10003313810583 1.1013290430172 0.932152110137071 1.00821452402926 0.992496795751104 1.00314752004428 1.02975536424507 1.07223275871859 1.08635134950871 1.05764296465134 0.979664307055631 1.06676119350391 0.925760987281207 1.01692105975654
"qu_fr015" 1.08933778560038 1.07231588983144 1.16359071692323 1.1399198645244 1.01295505448703 1.27018832262449 1.07487285817404 1.11063280810882 1.0829060069124 1.17223416958852 1.18429542300686 1.06939994784446 1.09470406702749 1.30173482290896 1.19539285779324 1.09539608932637 1.16878991420617 1.10015729074007 1.09749519421065 0.786570467012145 1.09334741788475 1.09414067106906 1.24124140551949 1.0728867383913 1.15494383885872 1.19705929097521 1.13191907103123 1.26559656964545 0.953698219924683 1.03995995867838 0.907486976356474 1.09888749409802 0.813742031968091 0 0.922218052314911 1.00526227286815 0.982111093881339 1.00529275769412 1.03697478409094 0.94470281032583 0.78178485403583 1.07927323559489 0.867409019054284 1.02317674864259 0.990907644621028 1.01808919770322 0.934401879596944 1.00402798611774 0.897568928887087 0.907003874005813 1.02227317323229 1.10820395401642 1.05708864629689 0.97352070182793 0.935748271252298 1.03128609116881 0.919146486235709 0.993311849629762 0.961476741025804 1.05166687731504 0.993400350933183 1.06709331611206 0.915437908356309 1.0271575110223 0.9367960692437 1.01894897051622
