"bg_fr001" "bg_fr002" "bg_fr003" "bg_fr004" "bg_fr005" "bg_fr009" "bg_fr016" "frmod_fr001" "frmod_fr002" "frmod_fr003" "frmod_fr004" "frmod_fr005" "frmod_fr006" "frmod_fr008" "frmod_fr010" "frmod_fr011" "frmod_fr012" "frmod_fr013" "frmod_fr014" "frmod_fr015" "frmod_fr016" "frmod_fr017" "frmod_fr018" "frmod_fr019" "frmod_fr020" "frold_049" "frold_fr012" "frold_fr042" "qu_fr001" "qu_fr002" "qu_fr003" "qu_fr004" "qu_fr005" "qu_fr015" "qu_fr016" "qu_fr021" "qu_fr024" "qu_fr025" "qu_fr027" "qu_fr028" "qu_fr029" "qu_fr030" "qu_fr031" "qu_fr032" "qu_fr034" "qu_fr035" "qu_fr036" "qu_fr037" "qu_fr039" "qu_fr040" "qu_fr041" "qu_fr043" "qu_fr044" "qu_fr048" "qu_fr049" "qu_fr052" "qu_fr053" "qu_fr054" "qu_fr055" "qu_fr056" "qu_fr057" "qu_fr061" "qu_fr063" "qu_fr064" "qu_fr065" "qu_fr066"
"bg_fr001" 0 0.751512499439717 0.737307121483633 0.752346375939166 0.821315521072228 0.94707098139463 0.951603585499501 0.576496216514743 0.918993304270342 0.865919741912541 0.883406117562553 0.913298107271455 0.978289664170074 0.974899231395651 0.952881567155143 0.911699744014853 0.930295106936775 0.95434282008311 0.985491057613878 0.966388005764789 1.0069675451256 0.962375618594268 0.977929777716976 0.956340926460746 1.00408459578236 1.0073334475929 0.868556083308844 0.980544836063931 0.834222898270364 0.996842554597274 1.0058079966166 1.03337312755142 1.05450300885503 1.10738787322706 1.14493818717377 1.12537639114222 1.10622127742862 1.01734409150895 1.0869173134031 1.03876727342966 1.08298835278436 1.07901172094853 1.06807954309697 1.08233404314745 1.0004078959567 1.13211215342339 1.08841579419206 1.09439687747745 1.09394479119798 1.09853663973375 1.06850854881523 1.08282900901155 1.14952866732432 1.07621915163181 1.1172301379913 1.04059083733862 1.09719176549286 1.15923569033301 1.09204565155904 1.05768033579852 1.07113836995186 1.06194911205489 1.05897788512656 1.05499447728374 1.07767203073452 1.02314060351413
"bg_fr002" 0.751512499439717 0 0.801393662449385 0.754837777219074 0.839824880790236 0.871324994151287 0.897063677127266 0.89690514716172 0.579070496880434 0.923708275999263 0.873851460306625 0.918977330460674 1.02716215443569 1.00536102304424 0.948870869798839 0.92957861859739 0.914046837910599 0.958118300861353 0.994021748639111 0.952355621522697 0.980121148862936 0.960842608844552 0.970505229807945 0.945632616894669 1.02915086848531 0.972597607152013 0.865205246418508 0.962050099602915 1.00357821665583 0.763288356609222 1.0542465407907 1.01930858165031 1.07899643915947 1.0650910721819 1.07471721026641 1.12420119905928 1.14880645471566 1.00682309755249 1.07476286720166 1.04011036693092 1.06027154014262 1.10816522570475 1.08439517327864 1.05902832033623 1.02166347621678 1.0858029242572 1.08421212766234 1.08445352794969 1.12372290368656 1.07515842174327 1.03250439805567 1.08114588499511 1.12456576114347 1.07384841276622 1.03990392736768 1.03074532330228 1.05458478620409 1.12719476530954 1.04497261465155 1.12535114878559 1.03620860314672 1.0438097685753 1.0190400530662 1.04192878134665 1.03434864837404 0.996163942400412
"bg_fr003" 0.737307121483633 0.801393662449385 0 0.759816389391456 0.862928027298682 0.970358475377873 0.942068793462643 0.868718881882673 0.942258124032614 0.560131075612302 0.895316149140462 0.940396014368692 1.0126711637215 1.0098211431285 0.984877204104755 0.968309128350193 0.942096000466793 0.954244460463244 0.977917795127028 0.979034774673527 1.00450340453356 0.95344114326367 0.953891312187267 0.963852333709836 1.03724241812397 1.01121886330437 0.903062011565795 1.01797645890019 1.01776929003202 1.06477872374075 0.838058577147953 1.0707669465109 1.11270327291061 1.1229184673464 1.1171083638759 1.13064254814925 1.17052901901297 1.04593429247181 1.12565954379509 1.06945489390921 1.14367159578663 1.08606226888392 1.10356433998155 1.07742214844351 1.09700433176812 1.14198880608253 1.09032668974065 1.13740015918165 1.12041037225045 1.12678177070037 1.09777959026713 1.06194125335144 1.17114399500702 1.05097314191372 1.12332537640125 1.03846482367949 1.15692320814971 1.17587552674491 1.11296808497016 1.11626502195278 1.07432766176765 1.05569674370318 1.09979989132461 1.09436207215907 1.07629406605312 1.03867306948275
"bg_fr004" 0.752346375939166 0.754837777219074 0.759816389391456 0 0.8109056020853 0.962657434382841 0.925461046996572 0.908129252383035 0.910437452483546 0.921218750834663 0.476502582723203 0.907367502260183 1.01940618808019 1.00442513426649 0.974571387574081 0.966169412793004 0.914463406697776 0.968482918519362 1.01281609992436 0.959345467716605 1.00788816787871 0.983325971985552 0.980284691750361 0.913774722915814 1.01684514081061 0.981773998375663 0.854125277591231 0.989137204949239 0.983450212974912 1.00631503925304 1.02678132095001 0.842205155171513 1.04837023627281 1.08647682999555 1.11160280612386 1.14636163366473 1.11641222543059 1.01020548089265 1.08070391359009 1.0280903135041 1.10079073124867 1.06503741820063 1.08666647051698 1.0635856340594 1.05340359822127 1.10822882372226 1.05287862502775 1.06942491262758 1.13626896770937 1.1229334470416 1.03601638803512 1.05505082113705 1.17701272985397 1.08092005281701 1.0866561721767 1.06379742995298 1.08422694934922 1.12916818111129 1.11472046024629 1.13508924799438 1.09662122961829 1.06732380961011 1.06824520445907 1.06500014905611 1.08505124997008 1.00410621641165
"bg_fr005" 0.821315521072228 0.839824880790236 0.862928027298682 0.8109056020853 0 0.862049591317065 0.929371907076551 0.893380127784967 0.957318816600793 0.938022841728377 0.916024919010737 0.575329251787963 0.909185446110526 0.95767882923428 0.9751897928789 0.891036727547599 0.946418472252764 0.888659011340749 0.947673057571961 0.896883212958854 0.98851413452684 0.962899590606482 0.881211409073982 0.910183840099875 0.996137037330096 0.994012802614569 0.904602107090853 0.998389745951318 0.968242084192754 1.04583604201855 0.971530291828177 1.00517842026881 0.834505268418913 1.02470643774106 1.08513028860875 1.06402930023019 1.08977278399591 1.0160865729048 1.08762638539233 0.986303097888059 1.02374434001823 1.03864942927345 1.01857254508802 1.04180230119429 1.01461200795768 1.05697740654833 1.05864076786482 1.11737944540158 1.03241197823471 1.07932852018842 1.05241860234682 1.07747651240013 1.07571717123246 1.04058892501799 1.0602345269022 1.00258717459272 1.07751040637774 1.09800311956359 1.07569051404455 1.05907761284684 1.03731601517641 1.02103383201016 1.08204099459151 1.00412191568134 1.03902560115521 0.964525506311337
"bg_fr009" 0.94707098139463 0.871324994151287 0.970358475377873 0.962657434382841 0.862049591317065 0 0.938219801461715 1.02060030401203 0.965765789474285 1.0537753465423 1.04955022517064 0.975280057166586 1.004392532335 1.0067835739497 0.982387315809821 0.92522405362827 0.986619827327605 0.993127553495018 1.02725323671234 0.993766846660438 1.00323373578924 0.941537236105369 0.963028067545226 0.997128223861953 1.04681734605857 1.08313452651737 0.956413533745547 1.04435524540131 1.12459907876935 1.04211343689539 1.1130965050046 1.13705617167132 1.11564044378875 1.13967126305569 1.17863415231973 1.15634048777302 1.15747498118759 1.06699591181089 1.18094239485823 1.10732752079683 1.06231478212722 1.13628381507927 1.11246658826655 1.15241601912063 1.08666392113332 1.07969423207674 1.15088705112061 1.14807528730842 1.15594769399102 1.14609431843012 1.11987224572202 1.13400774142492 1.19092862315296 1.18405098787491 1.16079617645942 1.13359619547421 1.17105954936959 1.16857234255576 1.13814213325548 1.1716914541414 1.15856924822017 1.17605356443874 1.09530141379997 1.11793652732676 1.10071736687348 1.08887417601949
"bg_fr016" 0.951603585499501 0.897063677127266 0.942068793462643 0.925461046996572 0.929371907076551 0.938219801461715 0 1.05220622676553 1.01832362663038 1.01376282808297 1.03429630906485 1.04802577995047 1.06150324729288 1.07402652758295 1.06495532646942 0.974437912027235 0.981439757181068 0.984801415968503 1.00838671663239 0.955740983982782 0.471213665774627 0.957507821281873 1.01437796284611 1.01602753163191 0.995319521916966 1.04240956958093 0.924033765427939 0.97213914709604 1.14799906992059 1.08796976577512 1.09973635845757 1.13602108731989 1.13772062250956 1.09288688420761 0.781065855740714 1.11093414914329 1.10246723221917 1.06090004129885 1.08293129716519 1.06995432769068 1.07058012145749 1.07060669277763 1.10600362132822 0.971979426339099 1.0555216814931 1.07038928363219 1.08547604392088 1.11959241376831 1.08867003409727 1.10259118603704 1.06322431348076 1.11274704653371 1.13520094946612 1.06718058512709 1.06121777771964 1.04581607039252 1.13165633138596 1.10900164888044 1.0963366690775 1.05172548141276 1.09779633435869 1.01865408153269 1.03295331626067 1.09791992054874 1.05076214871509 1.07410950976449
"frmod_fr001" 0.576496216514743 0.89690514716172 0.868718881882673 0.908129252383035 0.893380127784967 1.02060030401203 1.05220622676553 0 0.777304873220148 0.726461255156449 0.736069230218549 0.759082975322527 0.833216877184138 0.868416420459837 0.802526222490273 0.744232164201228 0.789082300662949 0.805210809235628 0.823265468074757 0.84987316055545 0.888604273169778 0.829919367666851 0.826369795501331 0.809830575622423 0.879113769548853 0.881240650875998 0.871491061290246 0.888553655288089 0.876538271435989 1.02149416527655 1.02817869659483 1.03846049509172 1.06290481467675 1.11869965769301 1.14255551213672 1.16553352042325 1.13379486647514 1.04010027575428 1.10588564966107 1.05212324594393 1.0861357910414 1.13137343897937 1.07393676495645 1.09801204251627 1.0369462717834 1.14786295286693 1.11147081127338 1.11217190121351 1.11406958387892 1.09219536345012 1.07730750999387 1.0798491778993 1.15570343746803 1.08198835953021 1.12038271479299 1.08814888898112 1.11203859790822 1.17908764273757 1.09067756767051 1.08842347073916 1.09001705584285 1.07380904574377 1.07571624097847 1.07528193694144 1.06484885075086 1.04874448769997
"frmod_fr002" 0.918993304270342 0.579070496880434 0.942258124032614 0.910437452483546 0.957318816600793 0.965765789474285 1.01832362663038 0.777304873220148 0 0.7970196087375 0.788098519649178 0.808662410488599 0.900260766217478 0.898632095411892 0.809152407926405 0.833118588851795 0.848075028309397 0.824683533590817 0.911466226176733 0.900374016190623 0.90463855746717 0.861305781190432 0.875852477091559 0.83879198279234 0.896475268086719 0.912121729762486 0.897894288839961 0.900935152966772 1.0405803445679 0.862451342849669 1.09182200610728 1.05692273153186 1.07532950813318 1.08128326262829 1.11872901829048 1.15661885940559 1.17282703326563 1.02712338731576 1.13154966601371 1.04471726326839 1.06626158594132 1.16174155850425 1.08834863633815 1.112493305992 1.05333607576431 1.10184884485972 1.13997708038325 1.10960893303029 1.14180585556651 1.08722547939497 1.06001933316138 1.1018866556234 1.13031805430028 1.12255815674912 1.08108053344071 1.07332356279682 1.1079405344288 1.14765768582339 1.06938988352362 1.14185406896681 1.05874807723453 1.057598313399 1.05488724661348 1.07519263559666 1.06605950118668 1.02103570662088
"frmod_fr003" 0.865919741912541 0.923708275999263 0.560131075612302 0.921218750834663 0.938022841728377 1.0537753465423 1.01376282808297 0.726461255156449 0.7970196087375 0 0.786285339808066 0.806899758236353 0.898175033375786 0.914398827039833 0.829214476005116 0.846560399837033 0.814332639098843 0.80320525814549 0.868139879271833 0.869501769056116 0.895879759583973 0.873013425542105 0.83963041509691 0.823210724612924 0.912969697004794 0.926669636095394 0.88416805300696 0.946793027874141 1.01776398510857 1.08255876889784 0.850401767530184 1.07144982518116 1.09914332433661 1.11152872501888 1.12387911823472 1.12870546165718 1.17564339780963 1.06636705715275 1.13104586648087 1.05014042777622 1.11632314898855 1.12198499880459 1.08965841718907 1.07265832570243 1.10787096339687 1.1344675140601 1.11190677933436 1.13724844447528 1.08532306915834 1.11356082138036 1.08396858900352 1.04954628929653 1.15713821393681 1.06592393796035 1.11478041249546 1.0566064624385 1.15061073768074 1.16804569250083 1.106703268967 1.11011343226692 1.08087488308176 1.06442329114743 1.09563059521665 1.09510920413807 1.06905325787433 1.06098050883072
"frmod_fr004" 0.883406117562553 0.873851460306625 0.895316149140462 0.476502582723203 0.916024919010737 1.04955022517064 1.03429630906485 0.736069230218549 0.788098519649178 0.786285339808066 0 0.783974010204731 0.897307640220633 0.899001188492606 0.81487245639689 0.831794105369166 0.779699440092258 0.828816110076668 0.860920192377027 0.85443859953757 0.872875832220844 0.845242102716297 0.869330821111186 0.772870267997211 0.927698921115961 0.882647003944707 0.862530355028315 0.912850699104821 1.01058349596397 1.0376967569938 1.05194125055968 0.868768732831203 1.06211750165618 1.10649236549635 1.13694948447039 1.1708352679108 1.15049469894281 1.04040292931919 1.11725124020971 1.05987116546764 1.11198634957222 1.12559442803275 1.10424938089441 1.08750579040296 1.08985060726875 1.13224464031521 1.10150369389066 1.10631392061235 1.15823157905873 1.14867340776951 1.04237698008277 1.08225935736372 1.20856233119165 1.10837006497549 1.12305961076801 1.10638833416485 1.14809267358777 1.17523376036802 1.14680477915746 1.15908503956597 1.15747964720285 1.10892634113499 1.09596925270605 1.11627710390096 1.10807951081833 1.04707688607885
"frmod_fr005" 0.913298107271455 0.918977330460674 0.940396014368692 0.907367502260183 0.575329251787963 0.975280057166586 1.04802577995047 0.759082975322527 0.808662410488599 0.806899758236353 0.783974010204731 0 0.800417140649286 0.809689342569954 0.817106749657229 0.762158304812962 0.830706660056456 0.748117357567359 0.835320021957021 0.799299597207048 0.875550855159406 0.874855924187325 0.809964235029578 0.776011319386762 0.87070822226183 0.893059145997451 0.890493375628693 0.872782114366299 0.988616122554197 1.05729901603572 1.02594333212453 1.03746975173959 0.890481222873822 1.05963259516806 1.12929134795198 1.12269858974102 1.11868546511224 1.05952027486493 1.10097836596347 1.01309901933576 1.0252180798456 1.09258151451192 1.02936703106491 1.08709900466217 1.05187477101475 1.07235217047988 1.0885489780924 1.13200726658194 1.07351257100413 1.09646057831035 1.057453558097 1.07968942104221 1.10397482559812 1.086115451079 1.10405373133427 1.02437041727507 1.09468893543284 1.12528054880094 1.06173729779452 1.11071294489063 1.06018035481544 1.0541623671524 1.09548639364152 1.02709142973815 1.07359910162497 0.980489254967918
"frmod_fr006" 0.978289664170074 1.02716215443569 1.0126711637215 1.01940618808019 0.909185446110526 1.004392532335 1.06150324729288 0.833216877184138 0.900260766217478 0.898175033375786 0.897307640220633 0.800417140649286 0 0.810012175191351 0.869809061635463 0.800939698297166 0.938854548840077 0.77810458637392 0.924519983459292 0.867793881984936 0.924466276511113 0.907319229068309 0.868694147743569 0.915622744473975 0.826178368778461 0.973398190849958 0.976985409240242 0.945945586288009 1.05362035959632 1.14332088643629 1.08550903883682 1.0989134626656 1.04067768176916 1.11534201989439 1.13747055406237 1.11145672572195 1.03996345269454 1.1325928146941 1.12698374911415 1.03515255984993 1.0958589375949 1.11221683789841 1.08036309166383 1.1112522256603 1.05890510994676 1.05937463078819 1.14123508625303 1.18075988313183 1.1315726682499 1.14246797155283 1.1014408665164 1.13943190721947 1.06176762611788 1.09146113051237 1.12944488126397 1.07952135403216 1.13116210050993 1.1455739329127 1.05451922810422 1.10462596881486 1.04850396780542 1.08773510324174 1.11291395455552 1.02717996744847 1.08066868526171 1.07115637792512
"frmod_fr008" 0.974899231395651 1.00536102304424 1.0098211431285 1.00442513426649 0.95767882923428 1.0067835739497 1.07402652758295 0.868416420459837 0.898632095411892 0.914398827039833 0.899001188492606 0.809689342569954 0.810012175191351 0 0.842999565196921 0.834721627720152 0.947311487220473 0.838241655248034 0.913138028889796 0.922915406283711 0.923841538125598 0.916296351487737 0.814265468579238 0.928960191062695 0.83579859584799 0.982736897309225 0.970261082084994 0.909713967903261 1.11773102621535 1.13459796693493 1.13422645250589 1.15076252100932 1.11086799778223 1.17903203712288 1.17204641017609 1.19342553052642 1.14921872993896 1.12750092809442 1.20298835846847 1.11295854617173 1.12830484734981 1.18146649492582 1.14069044597176 1.13281691558475 1.03255743031396 1.10357786078016 1.19441330340515 1.18411566740999 1.19886364911833 1.16668238740226 1.15219572555416 1.18007221808857 1.1662439612992 1.16236001597114 1.21068372574688 1.12952103401437 1.14550090056276 1.16561974739314 1.10402432278758 1.20250207550134 1.10745836071914 1.12204721289905 1.1627716252851 1.05284112838881 1.09739199837285 1.08106642467301
"frmod_fr010" 0.952881567155143 0.948870869798839 0.984877204104755 0.974571387574081 0.9751897928789 0.982387315809821 1.06495532646942 0.802526222490273 0.809152407926405 0.829214476005116 0.81487245639689 0.817106749657229 0.869809061635463 0.842999565196921 0 0.854232906379379 0.797895228749034 0.809753595939936 0.833111116335682 0.897496078437144 0.913016539386818 0.856830682762235 0.867839039760271 0.83736411289321 0.890128715733328 0.955363298618002 0.862813734537938 0.907564717122836 1.06248446557264 1.06410412985909 1.04663175928205 1.07236432958018 1.09789503783709 1.14498412152294 1.15830374803071 1.1637838589246 1.14595245362916 1.05132196555414 1.14196997873773 1.07670086489199 1.11940642403602 1.15992729208513 1.10158687319795 1.13723114538635 1.09687260357016 1.10989564294679 1.1653451287836 1.16087465038089 1.14953562302777 1.15786232854997 1.10605501293614 1.12207870655021 1.17526054987996 1.14847616444891 1.12930469518228 1.11668259885518 1.13554979340303 1.17441258713158 1.11067235966115 1.16073111567779 1.13939442093437 1.11832556183343 1.09895705004917 1.14510386520618 1.07223505663273 1.0665928454113
"frmod_fr011" 0.911699744014853 0.92957861859739 0.968309128350193 0.966169412793004 0.891036727547599 0.92522405362827 0.974437912027235 0.744232164201228 0.833118588851795 0.846560399837033 0.831794105369166 0.762158304812962 0.800939698297166 0.834721627720152 0.854232906379379 0 0.815129054361585 0.785769619157006 0.816535631880534 0.784662366671422 0.826049595808472 0.810332739360502 0.812084629648312 0.80493678847954 0.818882698863647 0.923998015307515 0.879900019098407 0.878434212161948 1.02283188858261 1.06721316191321 1.07010332954672 1.08473192073288 1.03889223859573 1.08201200375643 1.12552833265141 1.13905452427251 1.10363167016751 1.02822036876586 1.10817016356214 1.06241762379629 1.04713510239955 1.07715963943055 1.04965638356814 1.05197199845527 1.03497943722018 1.07426508304819 1.09605534252196 1.10144626511749 1.05998543540143 1.12270560445504 1.05930153736137 1.1286299448109 1.12508512009427 1.09702587862229 1.11267522307525 1.04465117533721 1.13127716974235 1.12070844840077 1.08422570347007 1.08202970022586 1.09137910272432 1.03874519887063 1.08357099027169 1.04554995417149 1.06434458704292 1.04727564495933
"frmod_fr012" 0.930295106936775 0.914046837910599 0.942096000466793 0.914463406697776 0.946418472252764 0.986619827327605 0.981439757181068 0.789082300662949 0.848075028309397 0.814332639098843 0.779699440092258 0.830706660056456 0.938854548840077 0.947311487220473 0.797895228749034 0.815129054361585 0 0.79847690628754 0.802370969413437 0.803203869102584 0.844737465780728 0.839964618495912 0.847063473808602 0.778744747136435 0.885013722723495 0.836318997180425 0.28536311400759 0.808083567718535 1.06098726067572 1.0617331985244 1.04195810814714 1.06634024856697 1.08151766265557 1.06937709621805 1.09757922260088 1.13990485986738 1.11558399182131 1.05680758486985 1.07443067993077 1.00641093813593 1.07211390712926 1.09280974089451 1.0680755836439 1.07540935884329 1.05751877037608 1.0835689649443 1.07995048163762 1.087223107766 1.09379486251406 1.05879213192094 1.05929076364365 1.0778984538334 1.14250383518357 1.07441578866831 1.07082569882596 1.06089148934297 1.099502552908 1.13071207342297 1.04990799305582 1.07872316625999 1.06973407754502 1.05791661978051 1.02129354564858 1.12581521850182 1.06290025050213 1.00550620659691
"frmod_fr013" 0.95434282008311 0.958118300861353 0.954244460463244 0.968482918519362 0.888659011340749 0.993127553495018 0.984801415968503 0.805210809235628 0.824683533590817 0.80320525814549 0.828816110076668 0.748117357567359 0.77810458637392 0.838241655248034 0.809753595939936 0.785769619157006 0.79847690628754 0 0.853027632020162 0.791289321556559 0.8455291789329 0.803793984461459 0.798744894136419 0.82954663273102 0.813598226999532 0.90295533325172 0.874143861265832 0.875582383325239 1.06254932385479 1.06700416551475 1.05074765366724 1.07369896940744 1.0353118044988 1.05922310396975 1.09264213006848 1.09905991748894 1.05837345514822 1.03274195586336 1.10505180755549 0.982334456329861 1.00657165999627 1.06916682052388 1.05882770369309 1.06321501447062 1.04471608396454 1.04187518012004 1.08692955641997 1.12107080124906 1.07956296131824 1.09374003172355 1.0590021892205 1.07262973780142 1.0797444278115 1.04282490265687 1.07942790139651 1.06888085164872 1.09933126500998 1.12921632656796 1.05109847821413 1.09009225319459 1.06787208383739 1.06818508744251 1.06635391725963 1.06692312643568 1.03490199295465 1.02506504516091
"frmod_fr014" 0.985491057613878 0.994021748639111 0.977917795127028 1.01281609992436 0.947673057571961 1.02725323671234 1.00838671663239 0.823265468074757 0.911466226176733 0.868139879271833 0.860920192377027 0.835320021957021 0.924519983459292 0.913138028889796 0.833111116335682 0.816535631880534 0.802370969413437 0.853027632020162 0 0.814841242281629 0.81616069665868 0.841537488722924 0.839949607057723 0.807277566696385 0.883807856324298 0.931234465189096 0.882385546748787 0.933395343675086 1.09431048585038 1.11002032885693 1.07402421839651 1.12208695371769 1.11783543277418 1.099083143258 1.10815999988259 1.15484711348768 1.14078267008796 1.06718646181755 1.14332388483663 1.11396308369318 1.12348620121148 1.15533610916381 1.10641287263418 1.08774579900922 1.12066100988411 1.12605746042407 1.15675946373802 1.16341767443215 1.1233304091521 1.14285790094077 1.12086580935842 1.13972213281088 1.20627097391934 1.09056432340964 1.12180767216357 1.07846404536696 1.18306352949135 1.17172250773025 1.12698034242721 1.11869315664926 1.13796104355711 1.09535280892694 1.11853651316602 1.18432153933591 1.0939837051942 1.07843070103901
"frmod_fr015" 0.966388005764789 0.952355621522697 0.979034774673527 0.959345467716605 0.896883212958854 0.993766846660438 0.955740983982782 0.84987316055545 0.900374016190623 0.869501769056116 0.85443859953757 0.799299597207048 0.867793881984936 0.922915406283711 0.897496078437144 0.784662366671422 0.803203869102584 0.791289321556559 0.814841242281629 0 0.824321992055445 0.861381567828474 0.806482954038814 0.793207816051421 0.856508512452583 0.900214353701732 0.8662393690647 0.855057608527687 1.10937798279764 1.10236711420132 1.02635204898875 1.10900951537512 1.0626775131188 0.797844023779639 1.08346372826747 1.08089237093557 1.08275127716383 1.053158708034 1.08168975828459 1.06119604876558 1.03308173867892 1.06884976733788 1.00466894959828 1.04930028744454 1.0612060671334 1.03779580824533 1.07116848467298 1.10057706738868 1.08173272524601 1.08738415145043 1.07509988419135 1.08330683327851 1.08353584307196 1.02947297662505 1.08113678004752 1.06202340625026 1.09441677081757 1.12744267879369 1.05767442004861 1.06243225845693 1.08191732298955 1.0150759426863 1.05058050154698 1.06320516107079 1.07512469821774 1.02697664274396
"frmod_fr016" 1.0069675451256 0.980121148862936 1.00450340453356 1.00788816787871 0.98851413452684 1.00323373578924 0.471213665774627 0.888604273169778 0.90463855746717 0.895879759583973 0.872875832220844 0.875550855159406 0.924466276511113 0.923841538125598 0.913016539386818 0.826049595808472 0.844737465780728 0.8455291789329 0.81616069665868 0.824321992055445 0 0.806741401258682 0.856291389448668 0.869524779860002 0.863549539389606 0.926271716914199 0.910054499284551 0.862618647336152 1.13898228513868 1.1037701756618 1.10836762015262 1.14129298036795 1.12389247946334 1.12339581863372 0.825118313770779 1.12925062518555 1.0977814513357 1.07951877310394 1.11542417561882 1.0623397310852 1.0643175065982 1.08370039742951 1.11361578162892 1.01329691337197 1.0917155780431 1.05919174023848 1.11730472859726 1.12699368356464 1.10649634979967 1.11275187595684 1.08112072237472 1.12906669049711 1.15411086511707 1.06526662809051 1.09869450361812 1.08297814293735 1.14879537597109 1.1422565049382 1.09679488468249 1.06343215097695 1.1292671609189 1.02602601625273 1.06436130203437 1.12838717025446 1.0712058370992 1.11046492976555
"frmod_fr017" 0.962375618594268 0.960842608844552 0.95344114326367 0.983325971985552 0.962899590606482 0.941537236105369 0.957507821281873 0.829919367666851 0.861305781190432 0.873013425542105 0.845242102716297 0.874855924187325 0.907319229068309 0.916296351487737 0.856830682762235 0.810332739360502 0.839964618495912 0.803793984461459 0.841537488722924 0.861381567828474 0.806741401258682 0 0.792331902314921 0.818127510706267 0.888820418528374 0.976125478432636 0.909882665401059 0.853480875309138 1.12038878710766 1.07867676670254 1.09242529999726 1.12053411935855 1.12964844045846 1.13098102851996 1.13661276289377 1.15212317661588 1.14441266571235 1.05567613803415 1.14370970950873 1.09274240303808 1.05446886823053 1.09456382569467 1.06767790772518 1.1065729288857 1.06630335545115 1.04730914418338 1.12243147066076 1.13872767418917 1.13053014009285 1.11130064400621 1.13173647621552 1.12263418280448 1.16001293225319 1.10599257455802 1.15308176121177 1.07059620260756 1.1740196468167 1.1997040961621 1.14806703830731 1.10611440883466 1.09981848037069 1.09222839782845 1.07834280017541 1.10469029028141 1.07712497009833 1.08229730443068
"frmod_fr018" 0.977929777716976 0.970505229807945 0.953891312187267 0.980284691750361 0.881211409073982 0.963028067545226 1.01437796284611 0.826369795501331 0.875852477091559 0.83963041509691 0.869330821111186 0.809964235029578 0.868694147743569 0.814265468579238 0.867839039760271 0.812084629648312 0.847063473808602 0.798744894136419 0.839949607057723 0.806482954038814 0.856291389448668 0.792331902314921 0 0.826474146348189 0.88561743404684 0.933058944455581 0.890067742327257 0.917679306882417 1.09010238136738 1.05834312187625 1.0282471433941 1.11139013324609 1.04240711152271 1.06159075133771 1.08904276717055 1.11340745001078 1.09096534878265 1.05339519763869 1.13133252475902 1.05044280897789 1.08331709698931 1.09036036267789 1.06682587686273 1.06153274222865 1.06148871510635 1.0619262009329 1.13728048442993 1.13965568573933 1.09639108557599 1.11829989733963 1.09692283675955 1.09482912113258 1.10689365423636 1.07641948460125 1.10142083555276 1.07045886522048 1.14491976938833 1.14839440666619 1.07254612551081 1.08468245468112 1.07257288974405 1.07060869376876 1.11532684540255 1.04727564824998 1.06267969449886 1.05858907355434
"frmod_fr019" 0.956340926460746 0.945632616894669 0.963852333709836 0.913774722915814 0.910183840099875 0.997128223861953 1.01602753163191 0.809830575622423 0.83879198279234 0.823210724612924 0.772870267997211 0.776011319386762 0.915622744473975 0.928960191062695 0.83736411289321 0.80493678847954 0.778744747136435 0.82954663273102 0.807277566696385 0.793207816051421 0.869524779860002 0.818127510706267 0.826474146348189 0 0.883011370072876 0.86261143515465 0.857334038342407 0.86650051613129 1.09520717507077 1.07972006787074 1.06253387544248 1.09841064938641 1.07804183490339 1.06932088336284 1.13331642728198 1.13559637371425 1.13638504912249 1.0569659789894 1.10522671074938 1.04296964919775 1.05701046429356 1.14162218753665 1.05878106302888 1.11867325074057 1.07974377495618 1.0847081241896 1.08554595177592 1.11111073990894 1.09936640232719 1.09619861937608 1.06086138888161 1.0240954206287 1.15995363536517 1.07988932338365 1.08248945179795 1.08903583623621 1.12317985797525 1.13789034276485 1.08574792925233 1.14071492621811 1.09274255529421 1.09389094033947 1.0582908264769 1.12530671706839 1.07903903128999 1.02174632864187
"frmod_fr020" 1.00408459578236 1.02915086848531 1.03724241812397 1.01684514081061 0.996137037330096 1.04681734605857 0.995319521916966 0.879113769548853 0.896475268086719 0.912969697004794 0.927698921115961 0.87070822226183 0.826178368778461 0.83579859584799 0.890128715733328 0.818882698863647 0.885013722723495 0.813598226999532 0.883807856324298 0.856508512452583 0.863549539389606 0.888820418528374 0.88561743404684 0.883011370072876 0 0.945515648192638 0.94083842673996 0.8854370267929 1.12901203063824 1.15559897938804 1.14784597207821 1.1648872065291 1.10517407624299 1.12557255163425 1.12069347448186 1.13514688915813 1.11318148241943 1.12562044804116 1.14874648198405 1.08457754704818 1.1191433088698 1.17661825767446 1.12421635233471 1.09869316677139 1.0923845561776 1.09155528287225 1.13756759021801 1.13608970958917 1.13612748371385 1.11093170804348 1.15324078166512 1.19848652699345 1.14031930712555 1.0717716814231 1.15434640664199 1.08627309913274 1.11872854944675 1.14799638922229 1.04801514357847 1.09624630817648 1.09588409406836 1.05590081533217 1.09757224245707 1.10674597716114 1.09234302380616 1.05712180658589
"frold_049" 1.0073334475929 0.972597607152013 1.01121886330437 0.981773998375663 0.994012802614569 1.08313452651737 1.04240956958093 0.881240650875998 0.912121729762486 0.926669636095394 0.882647003944707 0.893059145997451 0.973398190849958 0.982736897309225 0.955363298618002 0.923998015307515 0.836318997180425 0.90295533325172 0.931234465189096 0.900214353701732 0.926271716914199 0.976125478432636 0.933058944455581 0.86261143515465 0.945515648192638 0 0.875813183651759 0.839983151345023 1.11296903552517 1.10827125727832 1.11564728892693 1.12940605884474 1.12757375768906 1.11107737167952 1.14302292774053 1.19799207277226 1.16589045181414 1.12569896821317 1.10853940071576 1.11556813092708 1.11792295911482 1.17481435607335 1.12014712500335 1.1319025776982 1.08246486673912 1.12579536145974 1.13335339264597 1.12436888895142 1.17234904882919 1.09815928109193 1.10972682187758 1.10360250090497 1.15072069142205 1.08710254449022 0.894460840823485 1.1086193890781 1.09735911961658 1.15841623132348 1.08448340178024 1.13129057456744 1.09397422797038 1.02739174658649 1.04223370867961 1.11386276311268 1.07753489986365 1.04805710741562
"frold_fr012" 0.868556083308844 0.865205246418508 0.903062011565795 0.854125277591231 0.904602107090853 0.956413533745547 0.924033765427939 0.871491061290246 0.897894288839961 0.88416805300696 0.862530355028315 0.890493375628693 0.976985409240242 0.970261082084994 0.862813734537938 0.879900019098407 0.28536311400759 0.874143861265832 0.882385546748787 0.8662393690647 0.910054499284551 0.909882665401059 0.890067742327257 0.857334038342407 0.94083842673996 0.875813183651759 0 0.863040827255011 1.05152510251951 1.03888651755762 1.0450977966781 1.05025964432723 1.06609399829814 1.04852401702067 1.07375151708261 1.11738283133738 1.10804868686776 1.03077617738404 1.05663311072524 1.00675512012994 1.06668093248503 1.06790242599404 1.05787532171993 1.06136414192051 1.03591251075659 1.07434939586732 1.05024931564624 1.06318223969285 1.0925950922819 1.04584591056316 1.04541511438733 1.06168078326824 1.13805423669212 1.0662919668996 1.04156143127075 1.05077013875745 1.06179465655726 1.09094585100041 1.02985932191849 1.0709456865249 1.05087406837948 1.03652946948924 1.00528683290237 1.10418152735938 1.05218602365524 0.985694188385234
"frold_fr042" 0.980544836063931 0.962050099602915 1.01797645890019 0.989137204949239 0.998389745951318 1.04435524540131 0.97213914709604 0.888553655288089 0.900935152966772 0.946793027874141 0.912850699104821 0.872782114366299 0.945945586288009 0.909713967903261 0.907564717122836 0.878434212161948 0.808083567718535 0.875582383325239 0.933395343675086 0.855057608527687 0.862618647336152 0.853480875309138 0.917679306882417 0.86650051613129 0.8854370267929 0.839983151345023 0.863040827255011 0 1.16754876232448 1.1287341721002 1.14700948871572 1.18518661477734 1.14072035574296 1.08948912370983 1.11671185343368 1.20369383845423 1.14898666934754 1.10254216969127 1.07758535601346 1.07975066593264 1.10371430879657 1.13691724589723 1.08518017794844 1.1222564763927 1.08651775405873 1.06889642087234 1.13281733900964 1.12321531654704 1.15983992986709 1.0643781733072 1.11116460832027 1.12616099006026 1.16176903631831 1.13156377258618 1.11837120129003 1.06724462820968 1.06889999230964 1.09345382193428 1.03746219256249 1.13461186324002 1.06727277830239 0.991084069504865 1.02082191401446 1.09434833688057 1.05559499028311 1.03963515085018
"qu_fr001" 0.834222898270364 1.00357821665583 1.01776929003202 0.983450212974912 0.968242084192754 1.12459907876935 1.14799906992059 0.876538271435989 1.0405803445679 1.01776398510857 1.01058349596397 0.988616122554197 1.05362035959632 1.11773102621535 1.06248446557264 1.02283188858261 1.06098726067572 1.06254932385479 1.09431048585038 1.10937798279764 1.13898228513868 1.12038878710766 1.09010238136738 1.09520717507077 1.12901203063824 1.11296903552517 1.05152510251951 1.16754876232448 0 0.932218156141406 0.947929999937723 0.790215140232712 0.936153472780676 1.06678049896393 1.04434694709477 1.08129957780712 1.07182565712959 0.956169810901038 1.02969792329153 0.950482384877595 1.02608118079829 1.08069727249861 1.03205088243888 1.02054512523921 1.00165666342795 1.08506731364061 1.02509043672214 1.04900281919422 1.06115912100205 1.05223534303252 1.00529169371944 1.02460716575946 1.11844824065497 1.02327012422769 1.01290583843654 0.972508385952763 1.01995268312871 1.06439818881887 1.05449379260375 1.01223965291009 1.02619608971786 1.00301868397667 0.986921559385344 0.988814439390958 0.959711326519535 0.963487663452301
"qu_fr002" 0.996842554597274 0.763288356609222 1.06477872374075 1.00631503925304 1.04583604201855 1.04211343689539 1.08796976577512 1.02149416527655 0.862451342849669 1.08255876889784 1.0376967569938 1.05729901603572 1.14332088643629 1.13459796693493 1.06410412985909 1.06721316191321 1.0617331985244 1.06700416551475 1.11002032885693 1.10236711420132 1.1037701756618 1.07867676670254 1.05834312187625 1.07972006787074 1.15559897938804 1.10827125727832 1.03888651755762 1.1287341721002 0.932218156141406 0 1.0147982563016 0.937235616540118 0.992037304555163 1.02904590818556 0.960222345652345 1.02938502781238 1.07238513010704 0.871382702759913 0.97610894191501 0.969952568339794 0.957980430351931 0.993546037592195 1.02126460720403 0.970639417687449 0.935738292808855 1.00821024903815 0.980064913682058 1.00011053701429 1.03925617400004 0.995393282134546 0.915297941849444 0.958658753053215 1.07752224596794 1.01436541894595 0.910978508615187 0.986215913131581 0.959623643029939 1.03907645331724 0.979897801590371 1.01349549668611 1.01577154147925 0.96193212096131 0.939058245661949 1.02425197583849 0.974859565979433 0.963410494390615
"qu_fr003" 1.0058079966166 1.0542465407907 0.838058577147953 1.02678132095001 0.971530291828177 1.1130965050046 1.09973635845757 1.02817869659483 1.09182200610728 0.850401767530184 1.05194125055968 1.02594333212453 1.08550903883682 1.13422645250589 1.04663175928205 1.07010332954672 1.04195810814714 1.05074765366724 1.07402421839651 1.02635204898875 1.10836762015262 1.09242529999726 1.0282471433941 1.06253387544248 1.14784597207821 1.11564728892693 1.0450977966781 1.14700948871572 0.947929999937723 1.0147982563016 0 0.982483757143838 0.884056484448949 0.938318365242901 1.02962376675294 1.00160820466263 1.00943885478839 0.953596610607295 1.01039386837837 0.915978974154771 0.976205404548784 1.00479836580701 0.933180616517212 1.01617821517953 1.02374944321297 0.992106753309598 0.978065719052297 1.07696378952951 0.935591712287423 0.985225301640773 1.01432981931988 0.909996861197284 0.987734428308676 1.01181789096883 1.01859374538225 0.983196694219648 1.03947721755821 1.08258208104277 1.04222013665618 1.01522748913038 1.00836621938456 1.00886142174001 1.01852032965235 1.05265618980884 0.974875319371137 1.01398938386448
"qu_fr004" 1.03337312755142 1.01930858165031 1.0707669465109 0.842205155171513 1.00517842026881 1.13705617167132 1.13602108731989 1.03846049509172 1.05692273153186 1.07144982518116 0.868768732831203 1.03746975173959 1.0989134626656 1.15076252100932 1.07236432958018 1.08473192073288 1.06634024856697 1.07369896940744 1.12208695371769 1.10900951537512 1.14129298036795 1.12053411935855 1.11139013324609 1.09841064938641 1.1648872065291 1.12940605884474 1.05025964432723 1.18518661477734 0.790215140232712 0.937235616540118 0.982483757143838 0 0.953146615023232 1.06504313608863 1.04790726850911 1.06575129674787 1.102424507843 0.944922540641142 1.03501663955722 0.997578289552391 1.03162041714451 1.04697538291026 1.06204896831803 1.01034417746232 0.998857951954202 1.07242151853913 1.0025154154084 1.04367144818049 1.07026148510562 1.07389664033942 0.932620990439706 0.944770434408573 1.12337219213386 1.03583081277425 1.02043730913376 0.993700171893215 1.05340757625295 1.03222851828273 1.05681890792704 1.0906248837002 1.05668292609044 1.05500746717044 1.02261330821579 1.00201978045653 1.01123458824388 0.963368515065929
"qu_fr005" 1.05450300885503 1.07899643915947 1.11270327291061 1.04837023627281 0.834505268418913 1.11564044378875 1.13772062250956 1.06290481467675 1.07532950813318 1.09914332433661 1.06211750165618 0.890481222873822 1.04067768176916 1.11086799778223 1.09789503783709 1.03889223859573 1.08151766265557 1.0353118044988 1.11783543277418 1.0626775131188 1.12389247946334 1.12964844045846 1.04240711152271 1.07804183490339 1.10517407624299 1.12757375768906 1.06609399829814 1.14072035574296 0.936153472780676 0.992037304555163 0.884056484448949 0.953146615023232 0 0.868308788223461 1.0255107731607 0.987034515030833 0.969015464427749 0.91823539120643 1.02805423665691 0.863671236891963 0.89418817197168 0.980398346341083 0.855750146297469 0.979257782582053 0.941405476084732 0.923645669087807 0.9552886475251 1.02698151579343 0.919791730698178 0.938919953846042 0.976652974461527 1.00858895872455 0.944580568725693 1.01139783134404 0.984650780053368 0.958663222412473 1.00503119259379 0.970381487712247 0.985677107018782 0.990195125354078 0.989870514417992 0.977876460367588 1.02607568080119 0.961161378335806 0.963634035503642 0.932999123346914
"qu_fr015" 1.10738787322706 1.0650910721819 1.1229184673464 1.08647682999555 1.02470643774106 1.13967126305569 1.09288688420761 1.11869965769301 1.08128326262829 1.11152872501888 1.10649236549635 1.05963259516806 1.11534201989439 1.17903203712288 1.14498412152294 1.08201200375643 1.06937709621805 1.05922310396975 1.099083143258 0.797844023779639 1.12339581863372 1.13098102851996 1.06159075133771 1.06932088336284 1.12557255163425 1.11107737167952 1.04852401702067 1.08948912370983 1.06678049896393 1.02904590818556 0.938318365242901 1.06504313608863 0.868308788223461 0 0.976792259072071 0.98386174831463 0.938829266372403 0.977603027267843 0.991539484386829 0.904987285659621 0.889548642870049 0.991104967954429 0.875510488912309 0.974647825793923 0.967042566606341 0.931965849443932 0.959882149279543 0.994169962005343 0.926406568180511 0.920618794828199 1.01315438677208 1.01154406434527 0.955277974159249 0.982872767742373 0.983411021946383 0.997767350006753 0.959362806146877 0.985812114150762 0.95058433008446 0.984318118439574 0.982504295269216 0.968991671410428 0.980135814782665 0.953813902159442 0.986948832646281 0.965811141046481
