"bg_fr001" "bg_fr002" "bg_fr003" "bg_fr004" "bg_fr005" "bg_fr009" "bg_fr016" "frmod_fr001" "frmod_fr002" "frmod_fr003" "frmod_fr004" "frmod_fr005" "frmod_fr006" "frmod_fr008" "frmod_fr010" "frmod_fr011" "frmod_fr012" "frmod_fr013" "frmod_fr014" "frmod_fr015" "frmod_fr016" "frmod_fr017" "frmod_fr018" "frmod_fr019" "frmod_fr020" "frold_049" "frold_fr012" "frold_fr042" "qu_fr001" "qu_fr002" "qu_fr003" "qu_fr004" "qu_fr005" "qu_fr015" "qu_fr016" "qu_fr021" "qu_fr024" "qu_fr025" "qu_fr027" "qu_fr028" "qu_fr029" "qu_fr030" "qu_fr031" "qu_fr032" "qu_fr034" "qu_fr035" "qu_fr036" "qu_fr037" "qu_fr039" "qu_fr040" "qu_fr041" "qu_fr043" "qu_fr044" "qu_fr048" "qu_fr049" "qu_fr052" "qu_fr053" "qu_fr054" "qu_fr055" "qu_fr056" "qu_fr057" "qu_fr061" "qu_fr063" "qu_fr064" "qu_fr065" "qu_fr066"
"bg_fr001" 0 0.774650978960094 0.737302820541064 0.77502143026379 0.862734294766096 1.02612431728346 0.993454842866367 0.605255733578466 0.962134391147717 0.871345027184924 0.933860746421192 0.932022595009305 1.05296308914778 1.09173556455288 1.01324509222417 0.999995128653391 0.987403511200697 0.990413570559962 1.04895189193702 1.02370021061013 1.03706296445813 0.972643399930223 1.10999704270663 1.01604569666955 1.08905499487612 1.05967334190349 0.9416336089916 1.07654340596096 0.880040279555716 1.07528079609186 1.06068899136062 1.10539989919385 1.1674491806217 1.16120736767685 1.17817507470151 1.2154988755145 1.17842881933481 1.14017530180219 1.17876927620976 1.14385851280991 1.13347410483239 1.18609000510267 1.16389672151252 1.18504187116729 1.11324114062016 1.23538576257926 1.13979242173966 1.14775817628295 1.20775117895277 1.21085996004009 1.13375231592392 1.18630011310955 1.29426174322186 1.1555034262885 1.14558922906605 1.04039846323615 1.17508853255961 1.28503377565119 1.10955398731604 1.19314521340465 1.13967390526468 1.14261280989593 1.07248293329485 1.15627867021764 1.12475878434474 1.10265676151487
"bg_fr002" 0.774650978960094 0 0.818304982992104 0.791429065254976 0.859903088707355 0.942878062528808 0.967312655354763 0.947560523175269 0.614073812429999 0.978161766891637 0.919087832917733 0.932321494643859 1.12535794484164 1.10880558665198 0.981426035913648 0.974427758569051 0.963951630596663 1.04050966283192 1.05358206438354 1.01271625950177 1.03500869954829 0.958301929294765 1.04578216626231 1.00074314756983 1.09580714315947 1.0490420278364 0.928300824157377 1.01335156164923 1.03772872413703 0.804954920205982 1.13121255135008 1.08278502869566 1.1721145399053 1.13652664150634 1.11032858277167 1.2280346611774 1.25401783307178 1.08771115234406 1.13872895345957 1.14042441665057 1.1229021937035 1.17393807464251 1.17409621940338 1.14082992490516 1.09289209665118 1.18117305346942 1.14183191209203 1.13459241870596 1.26063574291421 1.13083640787662 1.1009130178873 1.1854901666345 1.26136177854449 1.16001461342938 1.06612249540548 1.06456633429624 1.13298862290688 1.19845095763723 1.06345740149033 1.28578688770831 1.11549474157758 1.1461768207023 1.05349173513288 1.11420646062293 1.07245518989532 1.08546259099381
"bg_fr003" 0.737302820541064 0.818304982992104 0 0.788024372862154 0.934552425345547 1.06890615953292 0.994390198416611 0.879099901885429 0.97656676068421 0.602929678047372 0.939165891141309 0.964121680817165 1.12199684968461 1.11774269651598 0.998154239554826 1.04939643043558 0.972201295086683 0.987187004985677 1.02864040953219 1.04924836991624 1.04354829513211 0.966004143181079 1.00995325914571 1.02247695672559 1.14069379463705 1.07705066442649 0.953518179686222 1.06140301228209 1.0840381191318 1.10017915098068 0.911745079266726 1.16787311348961 1.22815504253854 1.1805999290364 1.16702523794854 1.22291479849373 1.29345376724571 1.1881840411479 1.22080298700748 1.17377794237363 1.21789765195051 1.19153864406324 1.20189442115593 1.19786949501412 1.26104609854535 1.27239643608611 1.14956224071607 1.20248246424978 1.23805476532354 1.18188998584185 1.216268220711 1.21462296513718 1.30135511569402 1.14343170814856 1.19421865123102 1.07605783552697 1.25001499022979 1.27941469985853 1.14938282478197 1.26147837228503 1.14645775808377 1.15520716439178 1.13314479279912 1.22307407225903 1.15489203311861 1.13669964004299
"bg_fr004" 0.77502143026379 0.791429065254976 0.788024372862154 0 0.875666077109468 1.11366501294057 0.999914445842128 0.945106046510803 0.988849684095124 0.989511603402346 0.518925266457024 0.963872481438738 1.174800640317 1.18810261429558 1.08636049529767 1.04845967785784 0.986272686134526 1.05723272403064 1.08812715580578 1.03549139690003 1.07943242609588 1.06611826101628 1.13441182642966 0.983298531582002 1.13776249417496 1.08661086042667 0.928103720296409 1.09049012900409 1.03895242689471 1.08186084881163 1.11469653154819 0.899861822117827 1.16576506269716 1.21792412622362 1.17305190369039 1.290615700401 1.28675229789202 1.17401791910066 1.19416563024444 1.12920365832367 1.22190204525378 1.19147959611003 1.22104799620471 1.18695583363913 1.24559095399034 1.2917511818932 1.12162105196814 1.16939536121089 1.30139359934854 1.22102373752029 1.12441242366924 1.16727669244611 1.38566004851387 1.19980649369509 1.13733306374614 1.13641351506641 1.20469569179334 1.26370369602784 1.18163462098183 1.33996678485746 1.22661220604662 1.21004616966287 1.12549509143661 1.26998673180299 1.19527957849858 1.14158308957373
"bg_fr005" 0.862734294766096 0.859903088707355 0.934552425345547 0.875666077109468 0 0.90354606620878 0.97906962737092 0.95172431917806 0.993378468731128 1.02475527574582 0.976792167391296 0.632282566076145 0.953325246266078 1.05081326399168 1.00778632849712 0.942832568372834 1.01644384344726 0.904010154248662 0.994288958675285 0.974350561345399 1.04519316401032 1.00837221110158 0.947931176404363 0.953853526759044 1.07028890987873 1.09022567628806 1.00487832613406 1.12909821340518 0.954947333910634 1.09057103536384 1.01213875201275 1.05483479332301 0.880481129714521 1.072511531325 1.09924385045599 1.16325274603789 1.16393200089364 1.1287701729806 1.1844386045151 1.06052005214405 1.08012286252647 1.14677232716801 1.10061091356598 1.10277748385295 1.15836009380063 1.1550989676359 1.12293803387518 1.20801003657242 1.13183387490432 1.18540465580723 1.11726458719895 1.18455164089803 1.18540294619688 1.0950642298063 1.06600445119647 1.02739920800077 1.1468263986425 1.23680820478939 1.10516959366145 1.16733610147096 1.12141688368609 1.07338649901574 1.13639259837197 1.10749224116386 1.07415390746202 1.05783978443762
"bg_fr009" 1.02612431728346 0.942878062528808 1.06890615953292 1.11366501294057 0.90354606620878 0 1.04046007846356 1.08929750922825 1.01788614896542 1.11726636222771 1.17857597745123 1.00310985766794 1.07517993596849 1.04574374875917 1.00763078948448 0.972512858872031 1.09431351591751 1.05368713040615 1.06697923899306 1.08646495344069 1.08684086089097 0.968633453361095 1.02974791689404 1.07139735005984 1.12534515020267 1.20025337491787 1.10829725689819 1.14661216528792 1.19655545522212 1.1530294956195 1.18262836299978 1.2644291423887 1.17980510341052 1.24397325813895 1.25510252173851 1.28784516651128 1.25468269349142 1.19937771527134 1.28792688942524 1.24058740523752 1.14577514494234 1.2448050558037 1.19017118419641 1.29613821835862 1.22386907699767 1.20899551499237 1.27054941825688 1.24577952247894 1.32783618132595 1.198914673263 1.23631853606158 1.28345897413278 1.31799137590831 1.34259737094959 1.20342434876903 1.24855098116779 1.28978865836526 1.26443622380092 1.19334393526239 1.31099775096153 1.30080042537221 1.26021270321898 1.17340749894688 1.25996397084701 1.16281881925221 1.21770517485774
"bg_fr016" 0.993454842866367 0.967312655354763 0.994390198416611 0.999914445842128 0.97906962737092 1.04046007846356 0 1.09544559458113 1.07575094760367 1.06304865825858 1.12417474605693 1.08245209690199 1.08953177913283 1.15126393555238 1.10870893989991 1.02881251943951 1.05408981286521 1.02495383728038 1.05759493649166 1.00463730869906 0.514546092925074 0.950231254842918 1.109009463899 1.05953664799807 1.03958482370026 1.14428615844537 1.02977125045513 1.08188527093884 1.19488544442317 1.13861025432993 1.14522201409572 1.23757617656573 1.18547826581906 1.15405127946053 0.769337050405142 1.17872109675468 1.17387118962711 1.1571216636431 1.14610986889961 1.12159427475195 1.12950525588197 1.12547164461796 1.17258192900339 1.02841793646278 1.16133031637171 1.1480504623031 1.16662811209051 1.18579842793925 1.19546003223902 1.1380996080053 1.16203605812877 1.20690367075538 1.2394338322973 1.08759818289471 1.10082982478068 1.0632610933214 1.23592752564741 1.17117795143602 1.11401826764 1.14066217936945 1.15318577421184 1.06161778989811 1.08090049158006 1.1656116881425 1.05457032332779 1.12751163629667
"frmod_fr001" 0.605255733578466 0.947560523175269 0.879099901885429 0.945106046510803 0.95172431917806 1.08929750922825 1.09544559458113 0 0.822928762959269 0.698840570478001 0.775176756245327 0.745073530299123 0.881413213282639 0.921742666926456 0.81617318716119 0.806806450957871 0.834215752172755 0.810654470742721 0.882800797387369 0.88163010642415 0.917923537151945 0.857269063049256 0.920751543732348 0.849078407522215 0.951741331847352 0.917152431246684 0.912037186390195 0.966419762478456 0.858470475494034 1.06861427021289 1.04390564266895 1.07390799573181 1.13884011827761 1.132529144046 1.14337665463309 1.25279681123769 1.16619032479399 1.13096155552802 1.18284709695187 1.12964713683176 1.12292486473438 1.23274996146605 1.15850054778045 1.1692801608989 1.14409630723776 1.24388680328075 1.14823856948189 1.13904360566647 1.23255348757888 1.1671201350642 1.13733011174222 1.14697926111193 1.29724702076217 1.14715344982147 1.15641979985558 1.09394102678092 1.16201421816166 1.27005942803293 1.09614070336835 1.17891458795442 1.1732817114317 1.13145361465248 1.08435475286805 1.13713757761321 1.11580025474338 1.11820487665686
"frmod_fr002" 0.962134391147717 0.614073812429999 0.97656676068421 0.988849684095124 0.993378468731128 1.01788614896542 1.07575094760367 0.822928762959269 0 0.807733988127029 0.855793898928668 0.793253578529047 0.953603094914356 0.925158303464443 0.819487296209421 0.827501833358618 0.881892439826877 0.865705013753866 0.955328485248454 0.901007166636124 0.929416821946964 0.848937605043357 0.897546380613638 0.869596884707113 0.925219108060579 0.952194590472731 0.950617672491171 0.933494494130738 1.09401261989843 0.897891790425057 1.15678560164262 1.16150685509454 1.15385197840354 1.1085910608963 1.13070868897891 1.25332933840722 1.24907294288649 1.10791852660622 1.17448758222499 1.13209563529129 1.09679451159614 1.23899246396116 1.15711689736519 1.17171754286751 1.14226927648709 1.16415561788829 1.20097188395721 1.12703862633495 1.26801086182746 1.10117183028748 1.1352746640395 1.2371127914018 1.23911991260368 1.21027083876523 1.09824579217352 1.14901448859388 1.17262839747143 1.2053978934559 1.07370140528791 1.24607055875597 1.12125427734956 1.13815671714064 1.04945887107104 1.15098045629076 1.07003651409063 1.1138401515752
"frmod_fr003" 0.871345027184924 0.978161766891637 0.602929678047372 0.989511603402346 1.02475527574582 1.11726636222771 1.06304865825858 0.698840570478001 0.807733988127029 0 0.803487805710165 0.79207042032151 0.942119061845938 0.961477508826658 0.800196577401495 0.878623531164956 0.813433880035101 0.793404396360931 0.91110986507838 0.912298396812443 0.913769815613151 0.866882712440765 0.885744050084239 0.852991490664433 0.980339587755254 0.947627109527257 0.895377156181065 0.982104943863821 1.04744895459705 1.1181546382497 0.902558448929084 1.15055264879275 1.17361018176733 1.15968592164383 1.13604969558964 1.20404101869903 1.25732238318724 1.15028900477367 1.20273951698155 1.1300039626984 1.17056413626519 1.21357513285789 1.16049645470931 1.14349854064773 1.25126540160255 1.23787998769854 1.14288540897732 1.1758829550563 1.18823771256288 1.14155168755655 1.15817345924631 1.17088736157106 1.27444717425931 1.14295387158215 1.13983406992466 1.07940942494999 1.19448733396612 1.24687286457254 1.13612477859015 1.16642532669298 1.15256015795412 1.12433036497688 1.08253403419803 1.18820741957635 1.11430294827449 1.1473739724355
"frmod_fr004" 0.933860746421192 0.919087832917733 0.939165891141309 0.518925266457024 0.976792167391296 1.17857597745123 1.12417474605693 0.775176756245327 0.855793898928668 0.803487805710165 0 0.803275217168167 1.02978285464227 1.059846673485 0.888771031856978 0.887134047788571 0.79711938759821 0.889605244605151 0.922416967556213 0.910584555094453 0.948902979181576 0.920396423342098 0.996203725650837 0.816635132407195 1.04930451103286 0.961762754704549 0.881634771333969 0.993479019541705 1.0390334732413 1.08954400964257 1.09601289804988 0.917593615777432 1.1366035723966 1.19378456665866 1.16248324342416 1.26702917520476 1.27027909696785 1.13246492947255 1.21781324431743 1.12301261347183 1.19091956815859 1.22469573899631 1.19305362229706 1.18183548626395 1.25617484608046 1.2879247393369 1.12879250931253 1.18310602886402 1.30994877552944 1.23980238427602 1.10957108879944 1.16076569372911 1.39472658469152 1.21373980273191 1.1568410341241 1.16705641996471 1.25405101923739 1.28272776456758 1.20786844579605 1.33469071266452 1.28290125586563 1.25395544080466 1.13773363564697 1.31347388830731 1.19231185249888 1.17346445033096
"frmod_fr005" 0.932022595009305 0.932321494643859 0.964121680817165 0.963872481438738 0.632282566076145 1.00310985766794 1.08245209690199 0.745073530299123 0.793253578529047 0.79207042032151 0.803275217168167 0 0.80045170119487 0.848332128130947 0.818158117756115 0.765445909034469 0.892477840327636 0.752830554473913 0.855771187585743 0.863267255474167 0.869191461389253 0.88705496464978 0.857765139302952 0.800031081861248 0.915064903734608 0.899547181234884 0.962042166960129 0.950136937054376 0.96448421549452 1.09148565113628 1.02341130834146 1.09664988940102 0.920540044667856 1.09906433556761 1.11159825276708 1.16948187446583 1.16914212747517 1.12652834378704 1.16139330506451 1.07206474449768 1.07433915203576 1.17995866662931 1.11760839716728 1.15438877503663 1.18237675242354 1.16058741593181 1.12656300221579 1.17259471023119 1.19235105569219 1.16539633869671 1.10169841150071 1.15821426711313 1.23300768705078 1.13130460523299 1.10654951630241 1.04475281003443 1.12184640283161 1.22119396148039 1.05344235814241 1.180010563246 1.11446270763642 1.08962222036794 1.12047143871823 1.10225321051541 1.09274758181955 1.04149696587147
"frmod_fr006" 1.05296308914778 1.12535794484164 1.12199684968461 1.174800640317 0.953325246266078 1.07517993596849 1.08953177913283 0.881413213282639 0.953603094914356 0.942119061845938 1.02978285464227 0.80045170119487 0 0.871207028898437 0.904617472359288 0.821255594839957 1.06707760659739 0.768507635973336 0.995940464652986 0.894428702568818 0.936412049156119 0.954573560027991 0.907558657435144 0.958412269671071 0.826404056913471 1.03116241464663 1.11952023978832 1.07917009898538 1.06148577564804 1.2126175386893 1.14118017232057 1.22583430226148 1.07049560702897 1.15120902827326 1.12853605113726 1.14869455039067 1.02715667498768 1.26902000844936 1.208939748856 1.12151791540572 1.13563100860505 1.24753778307186 1.14742639710869 1.20779928389317 1.2329797508809 1.16887498015486 1.1782815258308 1.22460853707049 1.24281443131925 1.17958038259146 1.22761754347011 1.27851089785745 1.08625470125432 1.13493292922752 1.13165631475824 1.15444122581595 1.19355381110085 1.20425947701182 1.06220650304161 1.15767030417764 1.05462218160528 1.13898963449828 1.17755137949307 1.08020745039673 1.11787837333414 1.16595563891114
"frmod_fr008" 1.09173556455288 1.10880558665198 1.11774269651598 1.18810261429558 1.05081326399168 1.04574374875917 1.15126393555238 0.921742666926456 0.925158303464443 0.961477508826658 1.059846673485 0.848332128130947 0.871207028898437 0 0.835729409345049 0.862936345690883 1.05115042578781 0.840054810504678 0.93690024438059 0.989136012574202 0.959159782602113 0.913477054878329 0.852478176398896 0.980520569127402 0.859769023376943 1.07040366111495 1.09209355801782 1.04191665741892 1.21388352501214 1.19254613699431 1.23848786490496 1.32532009466264 1.19562715206459 1.25116229325221 1.18242513147955 1.2671781230987 1.18861161319063 1.24017586013036 1.33080404589681 1.26077714624047 1.22334583677955 1.28385617373257 1.2297057552907 1.25306310368896 1.154384145904 1.23262286983976 1.28527614207462 1.24564403269288 1.3621423359296 1.26951829557025 1.27233158248575 1.34271123736747 1.2741390917853 1.22908419254439 1.25510989516832 1.18365529900042 1.23771198532882 1.22583347360953 1.10927081629611 1.28287574251513 1.21458371211752 1.22785571669257 1.23381656710924 1.13604451420185 1.13960252371306 1.1785648643863
"frmod_fr010" 1.01324509222417 0.981426035913648 0.998154239554826 1.08636049529767 1.00778632849712 1.00763078948448 1.10870893989991 0.81617318716119 0.819487296209421 0.800196577401495 0.888771031856978 0.818158117756115 0.904617472359288 0.835729409345049 0 0.891231983046136 0.819941989830187 0.826553407098796 0.824714383693519 0.915038890540902 0.918058419686451 0.882542871406247 0.888814882600239 0.882944310056697 0.926359017939658 0.966938725707708 0.897982835624936 0.981364411994071 1.10467571926791 1.10578624933537 1.07056190788528 1.15667155921478 1.14612594013366 1.21699120365308 1.15376434255369 1.22508148262438 1.21869021916177 1.13237544749878 1.20395087663449 1.16248055997038 1.2057497252212 1.27178744324835 1.17112843890259 1.25219939259057 1.22643591447083 1.2107722717123 1.21596190602236 1.19196542339689 1.30608290913119 1.22781760759892 1.19208131638529 1.22989350510464 1.31042307873922 1.23422909975394 1.13890791417569 1.17901276129845 1.21393377536944 1.23054873161159 1.10709567320307 1.27774173801311 1.19753377438672 1.22204634380297 1.13708137143318 1.23425464554213 1.06649976804286 1.1587563506494
"frmod_fr011" 0.999995128653391 0.974427758569051 1.04939643043558 1.04845967785784 0.942832568372834 0.972512858872031 1.02881251943951 0.806806450957871 0.827501833358618 0.878623531164956 0.887134047788571 0.765445909034469 0.821255594839957 0.862936345690883 0.891231983046136 0 0.88497167921292 0.816793707899015 0.840759087947604 0.792355224847314 0.852695109622711 0.802418839845116 0.880464356156317 0.838645317000976 0.863318551556938 0.970944336394702 0.940854200022497 0.961390139535265 1.05720720499276 1.09306477391273 1.1372998955272 1.17886954762865 1.10163738084622 1.11628375289554 1.11068055370058 1.17313304498932 1.11779318220986 1.10600370657405 1.16395602992699 1.17325676386451 1.08961177755647 1.15067900184484 1.12098700908567 1.11349729422387 1.16309058629247 1.18551593007948 1.12950374198355 1.17335958635001 1.19643654013988 1.17000004080167 1.14563471608204 1.25445332284112 1.21906909010086 1.11746884056125 1.10979375506061 1.07844515628748 1.19205487790058 1.21293242803425 1.09681410647801 1.13529636914539 1.16293983593534 1.07254850838135 1.10717371931314 1.11220548108769 1.08253054392972 1.11846195418413
"frmod_fr012" 0.987403511200697 0.963951630596663 0.972201295086683 0.986272686134526 1.01644384344726 1.09431351591751 1.05408981286521 0.834215752172755 0.881892439826877 0.813433880035101 0.79711938759821 0.892477840327636 1.06707760659739 1.05115042578781 0.819941989830187 0.88497167921292 0 0.858546260579934 0.824366262826833 0.867911498636521 0.898959272908796 0.85446159107129 0.926701972586845 0.792608736266038 0.981661243940336 0.868817540871973 0.310519014447829 0.858288647648052 1.12184148526749 1.13595759696293 1.06016186096866 1.18368213733444 1.19216398584491 1.14969214127023 1.12792317539422 1.23228489861417 1.19946013423465 1.14906789481105 1.14685935298445 1.10376623745584 1.20142988026938 1.2305025837699 1.14695681246719 1.16573469914016 1.20776793264324 1.25535067993934 1.14620010750494 1.15735104195844 1.23648719446382 1.12233616383081 1.15950791763595 1.19746327294458 1.28445023121137 1.16137180036145 1.09935716254741 1.1581481870324 1.20024273035282 1.21616155104294 1.1087812296442 1.21365712004302 1.18350663915535 1.14621402044122 1.04071724623645 1.28141323190168 1.11846113593443 1.0897505980148
"frmod_fr013" 0.990413570559962 1.04050966283192 0.987187004985677 1.05723272403064 0.904010154248662 1.05368713040615 1.02495383728038 0.810654470742721 0.865705013753866 0.793404396360931 0.889605244605151 0.752830554473913 0.768507635973336 0.840054810504678 0.826553407098796 0.816793707899015 0.858546260579934 0 0.853476619533544 0.835122777152583 0.845562986523979 0.836767893890531 0.811004094765541 0.848259456725015 0.861571316908934 0.948630453127644 0.943013831847527 0.968179825415661 1.10233925177339 1.11170425301082 1.05227865188684 1.16715430986764 1.06817082616664 1.0875362975192 1.07930719662718 1.13778385588083 1.07089572012042 1.12302827976164 1.18200341382329 1.02492693833931 1.03373265799726 1.13876670143393 1.11855329221068 1.12329457516002 1.17241235264104 1.09510960479547 1.11330546703467 1.18409334207368 1.16012432775954 1.11614726840966 1.16242667908985 1.16111023063182 1.12108735223562 1.09780266155981 1.09201073608747 1.15062155935452 1.14904030529968 1.18986258985843 1.04420845955696 1.15699359160658 1.08368061117746 1.10839507425617 1.09896232684099 1.15534389805485 1.06375126290638 1.10253503598571
"frmod_fr014" 1.04895189193702 1.05358206438354 1.02864040953219 1.08812715580578 0.994288958675285 1.06697923899306 1.05759493649166 0.882800797387369 0.955328485248454 0.91110986507838 0.922416967556213 0.855771187585743 0.995940464652986 0.93690024438059 0.824714383693519 0.840759087947604 0.824366262826833 0.853476619533544 0 0.816100628255912 0.835226483864181 0.843291011950679 0.866179475206984 0.804516883625307 0.93003730129338 0.977347460990426 0.915537900292331 1.01386542745949 1.15500990442484 1.19591298435805 1.07412659733013 1.22401248722773 1.17691454890266 1.12692409470121 1.15043436598981 1.19617395892432 1.1941526719683 1.18560037593875 1.23922337756806 1.21766618613709 1.17815071797881 1.26001007088065 1.16810049719924 1.14786761538754 1.26045395431325 1.21030234848481 1.24414291359756 1.26928100803293 1.24513808521257 1.20276113496144 1.2076909161778 1.25007501911703 1.34068650599479 1.17372631079588 1.14085590599946 1.1618939722985 1.27815429614816 1.26207379095789 1.14780039750332 1.232015104346 1.25608737836732 1.17683015139785 1.1783682060653 1.26352806085036 1.08711099911831 1.16561082257278
"frmod_fr015" 1.02370021061013 1.01271625950177 1.04924836991624 1.03549139690003 0.974350561345399 1.08646495344069 1.00463730869906 0.88163010642415 0.901007166636124 0.912298396812443 0.910584555094453 0.863267255474167 0.894428702568818 0.989136012574202 0.915038890540902 0.792355224847314 0.867911498636521 0.835122777152583 0.816100628255912 0 0.847144767365507 0.857568197936657 0.889045458520789 0.823442212703722 0.887030617092164 0.981587755048982 0.934470314195585 0.935906417251437 1.13326619157112 1.14742811841809 1.05481660347323 1.20926792707119 1.12710945200818 0.807122439368267 1.09280816646388 1.12099175649311 1.09760469990131 1.13171605606016 1.17131089928592 1.15965957517739 1.05310399110211 1.16252458983999 1.04329173063706 1.11963116695561 1.18178506834524 1.13047921287933 1.11855204349907 1.18504526427739 1.20928753267357 1.14816410026549 1.13390050351058 1.17756551310076 1.18724886569009 1.08019161042688 1.06347780709773 1.14257523061515 1.15593694500489 1.21653148866568 1.06288605355832 1.13615663367155 1.1170382246656 1.11011976600897 1.07590919740244 1.15534959514326 1.11062609576756 1.11065915172762
"frmod_fr016" 1.03706296445813 1.03500869954829 1.04354829513211 1.07943242609588 1.04519316401032 1.08684086089097 0.514546092925074 0.917923537151945 0.929416821946964 0.913769815613151 0.948902979181576 0.869191461389253 0.936412049156119 0.959159782602113 0.918058419686451 0.852695109622711 0.898959272908796 0.845562986523979 0.835226483864181 0.847144767365507 0 0.788391066359861 0.90417149887515 0.882902159401569 0.896020947098429 0.985524188439037 0.947408067563351 0.945084320844526 1.16332917280954 1.14453162961643 1.1516690374031 1.22632903298089 1.18940289164779 1.19041406646264 0.824574483643806 1.18157075043867 1.15920452788011 1.18970557097805 1.19717540673175 1.12066718428295 1.09368327769192 1.13421733985138 1.18187538113598 1.07926437084131 1.21627179262773 1.13529421083808 1.18467768846437 1.18268632197296 1.21570085853535 1.17005947110839 1.15688430910668 1.22811801177624 1.25900108584876 1.07472946682757 1.12327233360086 1.10089492768604 1.2624887737046 1.21419637033405 1.11867563659862 1.13951562566522 1.20204660811088 1.09496619608094 1.10884949947608 1.19507771335635 1.0797483462357 1.17317093154221
"frmod_fr017" 0.972643399930223 0.958301929294765 0.966004143181079 1.06611826101628 1.00837221110158 0.968633453361095 0.950231254842918 0.857269063049256 0.848937605043357 0.866882712440765 0.920396423342098 0.88705496464978 0.954573560027991 0.913477054878329 0.882542871406247 0.802418839845116 0.85446159107129 0.836767893890531 0.843291011950679 0.857568197936657 0.788391066359861 0 0.751358552066935 0.807763482597752 0.923914549176786 1.00597349115144 0.916665993080965 0.835627818765562 1.15965034775701 1.06427054303483 1.0964482958712 1.20484023290054 1.16057686494883 1.12371930822583 1.11152749171129 1.17970118313478 1.1370880068302 1.12265356496661 1.20494032525949 1.16062336555574 1.07735481481311 1.1492058249794 1.09467771894055 1.18532933029257 1.14615769816168 1.069145617515 1.17530507068 1.17424976350482 1.20858008379249 1.09131169545234 1.21891255780576 1.22067539044538 1.21754405801747 1.15719707997659 1.15523865601495 1.08650844196359 1.23566773395747 1.26082247677285 1.10330550684398 1.16262828259257 1.14038488697541 1.10954183762119 1.08387301592082 1.14542549689967 1.06557453679975 1.12566072937047
"frmod_fr018" 1.10999704270663 1.04578216626231 1.00995325914571 1.13441182642966 0.947931176404363 1.02974791689404 1.109009463899 0.920751543732348 0.897546380613638 0.885744050084239 0.996203725650837 0.857765139302952 0.907558657435144 0.852478176398896 0.888814882600239 0.880464356156317 0.926701972586845 0.811004094765541 0.866179475206984 0.889045458520789 0.90417149887515 0.751358552066935 0 0.878090899837133 0.932127751518315 1.0320368140119 0.977695612616507 1.02430955341889 1.21339823474274 1.13914024973785 1.12228557582898 1.28980372906913 1.15992242621022 1.18629557071013 1.1761435245734 1.19816211832961 1.17199027568382 1.2344481368773 1.3099392461787 1.19961613100779 1.20455547800498 1.24062939582261 1.18637664167216 1.23159704846141 1.23220258864959 1.20241702093657 1.28060391615125 1.27428665800298 1.28528367137203 1.2298552865201 1.26209212823345 1.2923810649923 1.23551993869585 1.19269675148723 1.18186696738604 1.21598075025083 1.27989492956835 1.28353292541465 1.12586174211057 1.21802832988071 1.15943444908561 1.18507717239422 1.19801878277027 1.13955924000283 1.17089981692766 1.20286895806383
"frmod_fr019" 1.01604569666955 1.00074314756983 1.02247695672559 0.983298531582002 0.953853526759044 1.07139735005984 1.05953664799807 0.849078407522215 0.869596884707113 0.852991490664433 0.816635132407195 0.800031081861248 0.958412269671071 0.980520569127402 0.882944310056697 0.838645317000976 0.792608736266038 0.848259456725015 0.804516883625307 0.823442212703722 0.882902159401569 0.807763482597752 0.878090899837133 0 0.970889172780861 0.884110366829369 0.879335671892654 0.919711190786039 1.13148731649484 1.11401630882235 1.1017992397201 1.18125307784669 1.13657361792476 1.12340970028526 1.15795770592149 1.19253999649325 1.22040470320084 1.1726058486338 1.15446305204628 1.14417955298326 1.1479954872739 1.24449087062355 1.12273911915456 1.22125752960773 1.20780684027637 1.20250873120137 1.15515136580853 1.15317339785219 1.22566453587886 1.13090558893073 1.14093828045189 1.10165839939487 1.29626173205175 1.15381571598329 1.04021170476888 1.14313090367357 1.17705852207312 1.2216354410066 1.12754346590634 1.26636980653496 1.17077984220749 1.18916110321488 1.08476524489707 1.24367427246528 1.09269189870817 1.11812846388806
"frmod_fr020" 1.08905499487612 1.09580714315947 1.14069379463705 1.13776249417496 1.07028890987873 1.12534515020267 1.03958482370026 0.951741331847352 0.925219108060579 0.980339587755254 1.04930451103286 0.915064903734608 0.826404056913471 0.859769023376943 0.926359017939658 0.863318551556938 0.981661243940336 0.861571316908934 0.93003730129338 0.887030617092164 0.896020947098429 0.923914549176786 0.932127751518315 0.970889172780861 0 0.994462313787519 1.05189866409024 0.953256756928578 1.18944439534303 1.24708504014046 1.22155789629692 1.32310814774459 1.19684275272577 1.18265705931831 1.10811720584658 1.19801432230544 1.14475067106271 1.27268454108162 1.23156732340876 1.19093633230656 1.1911870380001 1.30942704109671 1.22520697582507 1.20968609797162 1.22275601324087 1.20801802444165 1.22994309442202 1.18177500573009 1.26965840300059 1.19207435306069 1.27907104156371 1.34153792813254 1.23600137761549 1.11407938256792 1.20097294497249 1.16021897766084 1.20682894566693 1.23524498368312 1.07633100245814 1.17446382103274 1.13930379105349 1.09939081736606 1.15476737361132 1.1446326169977 1.10525298141182 1.12415352269074
"frold_049" 1.05967334190349 1.0490420278364 1.07705066442649 1.08661086042667 1.09022567628806 1.20025337491787 1.14428615844537 0.917152431246684 0.952194590472731 0.947627109527257 0.961762754704549 0.899547181234884 1.03116241464663 1.07040366111495 0.966938725707708 0.970944336394702 0.868817540871973 0.948630453127644 0.977347460990426 0.981587755048982 0.985524188439037 1.00597349115144 1.0320368140119 0.884110366829369 0.994462313787519 0 0.939027387744268 0.899302193295214 1.1887701284369 1.21621030386778 1.17646765087402 1.28648391755089 1.2561942681116 1.17934602381664 1.201542543033 1.29291088880448 1.2513312167588 1.26560271513081 1.21332055193698 1.22629357625863 1.23136112969348 1.32467430136722 1.26709561394461 1.28817853888981 1.23580891610636 1.24219581699665 1.22434155294317 1.19054596008185 1.33325603189953 1.1453632217086 1.25120225295553 1.21655113254332 1.30713053361487 1.17705463566574 0.922051179465786 1.20246846331619 1.1937484153383 1.26386298269574 1.12614899523732 1.28765877873328 1.22191177034526 1.13724993593822 1.07960238680403 1.24211497807686 1.16063363225476 1.12342279854807
"frold_fr012" 0.9416336089916 0.928300824157377 0.953518179686222 0.928103720296409 1.00487832613406 1.10829725689819 1.02977125045513 0.912037186390195 0.950617672491171 0.895377156181065 0.881634771333969 0.962042166960129 1.11952023978832 1.09209355801782 0.897982835624936 0.940854200022497 0.310519014447829 0.943013831847527 0.915537900292331 0.934470314195585 0.947408067563351 0.916665993080965 0.977695612616507 0.879335671892654 1.05189866409024 0.939027387744268 0 0.937862799292974 1.13688573778028 1.12905594278849 1.07616201799542 1.16873620655525 1.18131603723206 1.13723769142329 1.11471216526775 1.23161451925683 1.18387349589778 1.14372281087782 1.14026151841911 1.09814678168599 1.20084500131969 1.214254158862 1.17051734672648 1.17434574356545 1.19942716263561 1.25516564008959 1.13093970843143 1.14084431788186 1.24113374559103 1.12561809163864 1.15126556083437 1.19750601853257 1.30627801403258 1.17115442661374 1.09290796627427 1.1592890288766 1.1819681262629 1.19355879617917 1.10714195307606 1.22593828867347 1.17696308128822 1.13215306735442 1.05697395179289 1.27810697688225 1.12276609074498 1.09985888812303
"frold_fr042" 1.07654340596096 1.01335156164923 1.06140301228209 1.09049012900409 1.12909821340518 1.14661216528792 1.08188527093884 0.966419762478456 0.933494494130738 0.982104943863821 0.993479019541705 0.950136937054376 1.07917009898538 1.04191665741892 0.981364411994071 0.961390139535265 0.858288647648052 0.968179825415661 1.01386542745949 0.935906417251437 0.945084320844526 0.835627818765562 1.02430955341889 0.919711190786039 0.953256756928578 0.899302193295214 0.937862799292974 0 1.3137267719378 1.22200493844237 1.24928276004853 1.35824637646507 1.32978103448305 1.22977412617738 1.20733959006874 1.364674319989 1.25145079293486 1.25890496333887 1.17989649123244 1.2237547215525 1.25554176561059 1.29939610727241 1.22539503118698 1.2779953258309 1.24211970997799 1.17350262851746 1.29174207939601 1.22290591234842 1.34529406861343 1.11538462248788 1.29277977350159 1.26925958803397 1.3588780402239 1.23061336094311 1.19175171360819 1.17868843727266 1.16868009062765 1.19512826944343 1.15759271905987 1.29200420746188 1.18967942420977 1.06740422647212 1.09899110393356 1.2499421268372 1.12012130726792 1.13657784045087
"qu_fr001" 0.880040279555716 1.03772872413703 1.0840381191318 1.03895242689471 0.954947333910634 1.19655545522212 1.19488544442317 0.858470475494034 1.09401261989843 1.04744895459705 1.0390334732413 0.96448421549452 1.06148577564804 1.21388352501214 1.10467571926791 1.05720720499276 1.12184148526749 1.10233925177339 1.15500990442484 1.13326619157112 1.16332917280954 1.15965034775701 1.21339823474274 1.13148731649484 1.18944439534303 1.1887701284369 1.13688573778028 1.3137267719378 0 0.931491668775046 0.965223525616144 0.79063234125089 0.912804690087842 1.08781124426521 1.04393421096992 1.12635387356442 1.14756445188877 1.03349822731757 1.11033519726746 1.00280726405451 1.07050935692516 1.15043309655271 1.07872099707901 1.07838596410507 1.11907366559482 1.21036185265486 1.0369850493325 1.05416140132603 1.11507602044624 1.15913591279328 1.03148863291196 1.08550854497314 1.24244388213225 1.0770337778314 1.01089840674607 0.971946069627558 1.03048231481697 1.15736568337394 1.05468166830997 1.12139256316682 1.10105073208429 1.08142321196407 0.991057697109203 1.04919569746021 1.00098525249193 1.03408587716084
"qu_fr002" 1.07528079609186 0.804954920205982 1.10017915098068 1.08186084881163 1.09057103536384 1.1530294956195 1.13861025432993 1.06861427021289 0.897891790425057 1.1181546382497 1.08954400964257 1.09148565113628 1.2126175386893 1.19254613699431 1.10578624933537 1.09306477391273 1.13595759696293 1.11170425301082 1.19591298435805 1.14742811841809 1.14453162961643 1.06427054303483 1.13914024973785 1.11401630882235 1.24708504014046 1.21621030386778 1.12905594278849 1.22200493844237 0.931491668775046 0 1.05113637946222 1.01274215330024 0.998217038521516 1.06600473849393 0.941338087114574 1.06279486920184 1.16209981314796 0.919509843903734 0.956143849244217 1.04105483681672 0.992333778318392 1.02083936332616 1.0951195550192 0.986682743325081 0.992308266617924 1.0595685911868 0.986734942011523 1.0042138633005 1.15471546139209 1.01994800351031 0.99639545202282 1.03994379984898 1.19583157221582 1.07243762196816 0.892698820884623 1.01350490462903 1.02498007421155 1.06538038805494 0.977702282591437 1.13702249535372 1.04867984622539 1.02770328702327 0.942182964731071 1.10980556508659 0.980706430817958 1.02943065052025
"qu_fr003" 1.06068899136062 1.13121255135008 0.911745079266726 1.11469653154819 1.01213875201275 1.18262836299978 1.14522201409572 1.04390564266895 1.15678560164262 0.902558448929084 1.09601289804988 1.02341130834146 1.14118017232057 1.23848786490496 1.07056190788528 1.1372998955272 1.06016186096866 1.05227865188684 1.07412659733013 1.05481660347323 1.1516690374031 1.0964482958712 1.12228557582898 1.1017992397201 1.22155789629692 1.17646765087402 1.07616201799542 1.24928276004853 0.965223525616144 1.05113637946222 0 1.0604638867404 0.868592185429682 0.957951847168021 1.07041569386326 1.04056172284362 1.08161703314494 1.02367222331627 1.05702344950435 0.946863197386914 1.02494693960093 1.10416997416305 0.952042382393138 1.11135185858127 1.15363420093448 1.07260190693713 1.00285248894128 1.10900417277318 0.999888490499956 0.994261526150153 1.05405272928434 0.999977396159456 1.09063924305195 1.08547068728783 1.03975118997067 1.03535712964884 1.08006788094515 1.16125389674151 1.08087602368145 1.10636426243023 1.05824184689355 1.08080746099873 1.02637260092965 1.16075678327396 1.03054247196604 1.0605967994634
"qu_fr004" 1.10539989919385 1.08278502869566 1.16787311348961 0.899861822117827 1.05483479332301 1.2644291423887 1.23757617656573 1.07390799573181 1.16150685509454 1.15055264879275 0.917593615777432 1.09664988940102 1.22583430226148 1.32532009466264 1.15667155921478 1.17886954762865 1.18368213733444 1.16715430986764 1.22401248722773 1.20926792707119 1.22632903298089 1.20484023290054 1.28980372906913 1.18125307784669 1.32310814774459 1.28648391755089 1.16873620655525 1.35824637646507 0.79063234125089 1.01274215330024 1.0604638867404 0 1.0038357346051 1.15485919868807 1.08501286219886 1.16489155501072 1.22974547590602 1.04883701431565 1.16741120812659 1.05983095487099 1.14057283273211 1.14371148611911 1.14637369560604 1.11926715436246 1.15876350422975 1.23089137746816 1.04238494382912 1.14725285893807 1.22020168206678 1.17843701121974 1.0230657767592 1.04289213749697 1.33371058278655 1.12332858687215 1.07142932243475 1.05048856722633 1.13963789926792 1.16160718749981 1.11970234145744 1.26150026534758 1.17691527943173 1.19902651454017 1.04985329678403 1.19394929094822 1.07894604117899 1.10015280835508
"qu_fr005" 1.1674491806217 1.1721145399053 1.22815504253854 1.16576506269716 0.880481129714521 1.17980510341052 1.18547826581906 1.13884011827761 1.15385197840354 1.17361018176733 1.1366035723966 0.920540044667856 1.07049560702897 1.19562715206459 1.14612594013366 1.10163738084622 1.19216398584491 1.06817082616664 1.17691454890266 1.12710945200818 1.18940289164779 1.16057686494883 1.15992242621022 1.13657361792476 1.19684275272577 1.2561942681116 1.18131603723206 1.32978103448305 0.912804690087842 0.998217038521516 0.868592185429682 1.0038357346051 0 0.905580477245845 1.02451682110551 1.03284999065462 1.03107272258066 0.98878049091811 1.11588725675945 0.885379067517175 0.906067321553535 1.04753387450062 0.886076404961878 1.03855743925595 1.09576257824009 1.03409833100186 0.966715292460404 1.09063163032337 1.00862050050422 1.04029469216973 1.05346369151464 1.07268885983282 1.051596063638 1.06743058099291 0.996917371488797 1.01372351838373 1.02374885552058 1.04575327876502 1.03996033943967 1.06753812392482 1.06809772750946 1.05253649285901 1.06601174192015 1.09106046760862 0.995497838682118 1.02375814983765
"qu_fr015" 1.16120736767685 1.13652664150634 1.1805999290364 1.21792412622362 1.072511531325 1.24397325813895 1.15405127946053 1.132529144046 1.1085910608963 1.15968592164383 1.19378456665866 1.09906433556761 1.15120902827326 1.25116229325221 1.21699120365308 1.11628375289554 1.14969214127023 1.0875362975192 1.12692409470121 0.807122439368267 1.19041406646264 1.12371930822583 1.18629557071013 1.12340970028526 1.18265705931831 1.17934602381664 1.13723769142329 1.22977412617738 1.08781124426521 1.06600473849393 0.957951847168021 1.15485919868807 0.905580477245845 0 1.02689182161491 1.0210711865946 0.985512027523339 1.05165649235491 1.06182285565534 0.950882232270256 0.907080877573334 1.07366051497846 0.89270553004411 1.04185403404396 1.03689273535231 1.01949691443882 0.997847501254627 1.04629776774411 1.00476925128536 0.959959221163031 1.0773495168346 1.10223859051539 1.04274382806467 1.01278756078791 0.999726961939707 1.08329262419809 0.979283515585577 1.08265591283091 0.957675710025545 1.05250639480512 1.00670998392411 1.06694512944636 0.974943021157723 1.05515983875415 1.02832011024037 1.02961678389195
