"bg_fr001" "bg_fr002" "bg_fr003" "bg_fr004" "bg_fr005" "bg_fr009" "bg_fr016" "frmod_fr001" "frmod_fr002" "frmod_fr003" "frmod_fr004" "frmod_fr005" "frmod_fr006" "frmod_fr008" "frmod_fr010" "frmod_fr011" "frmod_fr012" "frmod_fr013" "frmod_fr014" "frmod_fr015" "frmod_fr016" "frmod_fr017" "frmod_fr018" "frmod_fr019" "frmod_fr020" "frold_049" "frold_fr012" "frold_fr042" "qu_fr001" "qu_fr002" "qu_fr003" "qu_fr004" "qu_fr005" "qu_fr015" "qu_fr016" "qu_fr021" "qu_fr024" "qu_fr025" "qu_fr027" "qu_fr028" "qu_fr029" "qu_fr030" "qu_fr031" "qu_fr032" "qu_fr034" "qu_fr035" "qu_fr036" "qu_fr037" "qu_fr039" "qu_fr040" "qu_fr041" "qu_fr043" "qu_fr044" "qu_fr048" "qu_fr049" "qu_fr052" "qu_fr053" "qu_fr054" "qu_fr055" "qu_fr056" "qu_fr057" "qu_fr061" "qu_fr063" "qu_fr064" "qu_fr065" "qu_fr066"
"bg_fr001" 0 0.770152094192029 0.729934964322431 0.763149322486552 0.834787117327247 0.974090256037333 0.984024744549735 0.5678486483531 0.925723632622963 0.844879504126387 0.880223962736414 0.91406058897507 0.987288983096791 0.996168181211742 0.973343886071034 0.923461724110207 0.933365849847676 0.957062061946201 0.9962965505551 0.976221164511155 1.02730917789568 0.958383842977838 1.00091071504073 0.978299894016462 1.03743703151449 1.03464337625728 0.88382802227152 1.00228530128616 0.854711497853056 1.03356050253942 0.990652467828067 1.05821561070267 1.08318440407984 1.13172573999987 1.17365756310931 1.1695393522464 1.14968681767158 1.0378511469675 1.11921086961302 1.07015330437758 1.10946449641236 1.10718388559349 1.09278288415375 1.11916064348854 1.01402194141484 1.16107343940706 1.1104278726649 1.09565999465327 1.11435119665544 1.10220028976332 1.0859353911374 1.0921177423231 1.15953511714437 1.08634428740495 1.12771023720888 1.0320882361642 1.12051933417729 1.19230282643904 1.08224318612842 1.09554545554147 1.07541822020457 1.07462213977648 1.08353831845834 1.07223809088949 1.08797882129042 1.04099792156634
"bg_fr002" 0.770152094192029 0 0.799063772465166 0.779749320509548 0.866396708436222 0.891017836199781 0.935220973347952 0.928705657335376 0.576879896121805 0.927767237702973 0.887329252606407 0.936813798766941 1.04305696736883 1.04710587931166 0.97691271699314 0.939380630346402 0.929900930165276 0.995569288016289 1.0041152141468 0.9724118219184 1.01450791449085 0.960663119720857 0.994980629960825 0.969789164216413 1.06334914915356 1.00679879761112 0.888900473724652 0.989043548582952 1.03486683249869 0.776381419364828 1.04846935764396 1.03327568579908 1.10813184873581 1.09661471501245 1.11170957013742 1.17036132415884 1.20850014419934 1.03719748884593 1.09975478559627 1.07528205302199 1.09464396738814 1.14043076837844 1.13077515252694 1.1011368525229 1.01590158522716 1.11934198876322 1.12551227575559 1.08965068413007 1.16174273837087 1.07482532508441 1.06800870253511 1.10222970550247 1.15546693157062 1.09121415659029 1.05847722159129 1.04161246751521 1.08672605376284 1.13810690276406 1.05054504575467 1.17264745625679 1.05508124663846 1.06960695980757 1.05882660022523 1.05775355388352 1.05552694247947 1.01260326137889
"bg_fr003" 0.729934964322431 0.799063772465166 0 0.748839292136194 0.880947521004616 0.990991205432051 0.963773838630603 0.861449584231182 0.932896388447532 0.539566729191201 0.878491131629603 0.936399209559986 1.01070987638639 1.03050444931714 0.979580076561863 0.972382361330764 0.925017493644993 0.958871084240321 0.952887461345252 0.988118541198952 1.0060646603839 0.928858992887888 0.950112382930065 0.960290405567195 1.05628527682398 1.02052734783958 0.902807928537759 1.02164593264001 1.01691649386849 1.07383517885441 0.829682879640228 1.08807737778022 1.13567706553821 1.15142142186439 1.12076430518774 1.16955952769628 1.20117148087899 1.04403264099891 1.13079036706695 1.09433225561147 1.1541274078585 1.10774145413017 1.136187549538 1.08884787379609 1.10331970676744 1.17014115593568 1.08976873807486 1.12353950162955 1.14187833543023 1.11671237585574 1.11200027433351 1.09328489379161 1.17606027826786 1.04442824684034 1.13017609525603 1.02803977419728 1.16382392194742 1.18918558042227 1.09048188998321 1.14137487867285 1.07886652138862 1.05200320409193 1.1182180652035 1.11278940432683 1.0776826927324 1.045231431154
"bg_fr004" 0.763149322486552 0.779749320509548 0.748839292136194 0 0.844059460562957 1.01399124000914 0.962070082017008 0.917140653515158 0.934925368341593 0.912020366386434 0.479591920262334 0.932873382677582 1.04602841499277 1.06209330552909 1.01843143326542 0.987418886669942 0.934860414772496 1.0037752356082 1.02672622915562 0.995390966023135 1.03661202461894 1.00000478830054 1.0161397980875 0.932570829235067 1.06190911641157 1.01568305929202 0.880804111363854 1.01893934368471 1.01414070696612 1.02811548751694 1.02249831103662 0.873651143316473 1.08268395864286 1.14273376254154 1.13807278979446 1.1910266197523 1.1787750986397 1.04830188494924 1.102128153743 1.06717590897768 1.12401226196959 1.0969665722565 1.13294254499275 1.10275057822109 1.07083817790456 1.16260861117152 1.09232855062107 1.08414154224341 1.17654033232785 1.1313024673389 1.06175974023043 1.07324694521159 1.21885495217484 1.10408037384944 1.10095637587654 1.09166116163751 1.11523288096538 1.16320407676631 1.11667267415195 1.19160502429033 1.12459421676823 1.09075844293613 1.11353089525828 1.12264863412684 1.11576319242929 1.03102971048293
"bg_fr005" 0.834787117327247 0.866396708436222 0.880947521004616 0.844059460562957 0 0.900178153952205 0.967933020232192 0.910519080909571 0.977931591648934 0.93892503864174 0.930078265922661 0.59549638710517 0.915011727768902 1.00729204952789 0.995392098423533 0.907374858132924 0.963391588054072 0.902426081966621 0.970560888771358 0.928333230773801 1.01469120177686 0.958206121946093 0.908942898158557 0.928905016010738 1.04357605966009 1.0381579169687 0.941980673464638 1.0443866338346 0.979883877806967 1.08135512236318 0.962279710299696 1.01999018376044 0.851756723935617 1.06481081424491 1.09928468857898 1.11632603954295 1.13508171223773 1.04898004977341 1.12653995175915 1.02150782696194 1.04639303730622 1.07599069956592 1.05803333891092 1.0639470226651 1.04187386164594 1.09257183582388 1.09098263330193 1.14501648904844 1.05807462179722 1.09875384232199 1.08292086790475 1.10777607026114 1.09750403916418 1.04687738791839 1.08178587248785 1.01756119758454 1.11020259740479 1.13345715535041 1.07165022422182 1.0970697967513 1.0559149832436 1.03722869081444 1.11679037775549 1.0355569489745 1.05383128502839 0.993370677414123
"bg_fr009" 0.974090256037333 0.891017836199781 0.990991205432051 1.01399124000914 0.900178153952205 0 0.991914557818567 1.0584061362104 0.979171381918842 1.06957878929708 1.09706029958105 1.01345474088854 1.04861314343769 1.04408852467552 1.02077998645105 0.947345932934647 1.01495099372864 1.03135023706651 1.04533075370093 1.03388318572198 1.0466552181473 0.95633527862508 0.99280145170639 1.02788366128138 1.08904793090785 1.12724578481059 0.998535327970471 1.08860881228732 1.17192883025698 1.07614412875652 1.13664290962297 1.17350367959647 1.15550352258044 1.19851310033236 1.20589815749301 1.21103990055949 1.22682861518091 1.10276638576365 1.22973647970392 1.15381283624673 1.11260565422599 1.18847997309719 1.16268229086027 1.20753223591646 1.12536761115106 1.13084354131486 1.20892199157532 1.17549165941914 1.21364102934612 1.16593917195747 1.16278514467181 1.17838270745697 1.23259868754809 1.23409733888281 1.18856295010152 1.1761030896575 1.22264684217095 1.21065161444995 1.14925862226964 1.22052066452985 1.19651026063965 1.1992782811605 1.15265669803009 1.16126175518567 1.11888646196388 1.11561916809593
"bg_fr016" 0.984024744549735 0.935220973347952 0.963773838630603 0.962070082017008 0.967933020232192 0.991914557818567 0 1.08539246422331 1.04690649687252 1.02920948881681 1.07039497417586 1.0819670294538 1.09187106496777 1.13333622642281 1.10522077888686 0.997911377499281 0.999247831153565 1.01752809439757 1.02251276773631 0.986200661055083 0.479913306290667 0.977878764966809 1.05721975204173 1.0467690263982 1.03970901073231 1.08394519922253 0.96663584689914 1.02035768891559 1.18784493917302 1.12185424185468 1.10462921606645 1.16820364992307 1.17929041902328 1.14908117327258 0.794404884422648 1.14986032808856 1.16213641006586 1.10183372872689 1.11761405738154 1.10950682562283 1.09962463017147 1.09565633241945 1.15091279583493 0.994321493945136 1.07115101416674 1.1057145315114 1.12080155022825 1.13379000313265 1.14022547914708 1.12029736317466 1.09135114985918 1.14367195240676 1.1650900212197 1.0809784179745 1.07304169090852 1.07337308643763 1.15670517901476 1.12522099474161 1.10358263847372 1.09481225970525 1.11767923216569 1.0363424470205 1.07320243291615 1.13676716014032 1.06272737977271 1.1027454068902
"frmod_fr001" 0.5678486483531 0.928705657335376 0.861449584231182 0.917140653515158 0.910519080909571 1.0584061362104 1.08539246422331 0 0.813770475788041 0.722628676780137 0.753939493829937 0.765853557027353 0.836493752179798 0.89372344446713 0.815902095634375 0.765788340727801 0.812732905890554 0.812468141029904 0.843577213924619 0.871655407954232 0.919543083209701 0.844290493101114 0.850535167404075 0.84298923528068 0.916976497538259 0.907805185035445 0.883152365268511 0.914771181611083 0.884765278955488 1.04490844917858 1.00375395399315 1.04618927737758 1.08632274769027 1.14182324752117 1.1566607959197 1.20250730622532 1.16584451648744 1.04974456683126 1.13805071209401 1.07992977516134 1.11365061543123 1.15723526321003 1.09842340221593 1.12469417415322 1.04333674139748 1.17261116797622 1.13339429020925 1.1173267148828 1.14189449733549 1.08500090358934 1.09467878254397 1.08950665103856 1.17283945921092 1.09143709199086 1.137423970053 1.08649177202068 1.13138605388286 1.20843584747605 1.07621624737126 1.11003359412904 1.11268107333515 1.08265653881852 1.10331353370084 1.09398584169494 1.07998008672311 1.06874410244843
"frmod_fr002" 0.925723632622963 0.576879896121805 0.932896388447532 0.934925368341593 0.977931591648934 0.979171381918842 1.04690649687252 0.813770475788041 0 0.799154813277814 0.815576065276065 0.823947783906028 0.910150341189706 0.925855969707828 0.825529245344097 0.841171127195028 0.86480147928556 0.847671042166495 0.928402362941555 0.91056037220407 0.932302281548022 0.860449378488966 0.883836200837054 0.853232749777759 0.921215476766452 0.934302215022178 0.906539979021001 0.913744281827574 1.07577230763091 0.866006341405513 1.07201642358824 1.07062143910806 1.09475292722539 1.10301920433916 1.12989034226552 1.1867367010944 1.21198048883697 1.04718980599099 1.14802263452873 1.06307118490752 1.0805088666491 1.17943439590834 1.11715943309996 1.14297242503462 1.04414484531953 1.12169638267814 1.16060719423102 1.10487240748745 1.16693705632125 1.07556014854143 1.07212146416529 1.11241254554988 1.14700361219072 1.12588120559849 1.09356189392633 1.08199122201877 1.12282992779304 1.15635549720922 1.06508592859476 1.17134998222532 1.07042253728134 1.07539327760845 1.08059870205924 1.08252463505525 1.0842629878816 1.04569867263161
"frmod_fr003" 0.844879504126387 0.927767237702973 0.539566729191201 0.912020366386434 0.93892503864174 1.06957878929708 1.02920948881681 0.722628676780137 0.799154813277814 0 0.783125974324028 0.798533833300051 0.902614566018758 0.93253847837135 0.825277378903143 0.855229895388528 0.808868529018934 0.799716347262831 0.847400961937496 0.884555282521671 0.905254660953397 0.858652269622726 0.829244289103214 0.827864147376236 0.929502017761933 0.924756067906358 0.872136206356347 0.954599564515943 1.0087957886605 1.0837880368216 0.825512882877867 1.07120619996832 1.10151914345983 1.13453691576179 1.12207380250912 1.1497695703806 1.19591649756935 1.04285098541055 1.121889107935 1.06001150418389 1.12634867992423 1.12669282620111 1.10693039909987 1.07874461637431 1.09884664391377 1.14713343886953 1.0951786925728 1.11195827899074 1.10187400427727 1.08382460038293 1.0769841945177 1.05876993423323 1.15549861811446 1.05055429905297 1.09641482512853 1.04226403603166 1.14018147871065 1.16705647832589 1.07236198023369 1.11330063866151 1.08491318636317 1.05353055599696 1.10872985115054 1.10616020168665 1.06402259567069 1.0642453539666
"frmod_fr004" 0.880223962736414 0.887329252606407 0.878491131629603 0.479591920262334 0.930078265922661 1.09706029958105 1.07039497417586 0.753939493829937 0.815576065276065 0.783125974324028 0 0.793708826073065 0.92186427955882 0.950079788227234 0.855812758201444 0.85286228341036 0.808464135057776 0.852633311586303 0.877521412501838 0.888915140772048 0.912817362503183 0.868394476362205 0.891864833600976 0.794807344711353 0.97057974672164 0.908134127111567 0.863566751573387 0.937127185184021 1.02666782842395 1.04033240140948 1.02502690981988 0.876246762813038 1.07421572626839 1.14855287187461 1.14084093071629 1.19548917996768 1.187339686103 1.05367506487151 1.13043453805691 1.07788047581263 1.13099564612585 1.14453926699262 1.12729798916939 1.11078502117215 1.09682010736081 1.17716402614139 1.12179192905706 1.11549873540014 1.19392568424067 1.14236412854469 1.05620731557574 1.08632565488013 1.23337851298124 1.11779053898666 1.1192820219285 1.12006459673599 1.15544127931148 1.18631847520063 1.13980876049957 1.1994924315772 1.17982883708926 1.12970497108936 1.12862174802575 1.16455741349436 1.12723539439142 1.07079870205029
"frmod_fr005" 0.91406058897507 0.936813798766941 0.936399209559986 0.932873382677582 0.59549638710517 1.01345474088854 1.0819670294538 0.765853557027353 0.823947783906028 0.798533833300051 0.793708826073065 0 0.801023846220293 0.830661976444082 0.837872382581571 0.768219962928258 0.855263312040771 0.765692876091923 0.84864260893171 0.836850744920764 0.894068843330481 0.877605228890729 0.832287638045126 0.790956875755589 0.900840406354523 0.930738461966029 0.909718282175807 0.902941000025674 1.0071838448004 1.07919120240277 1.00074095873921 1.04556576856137 0.897746399222439 1.08576426953371 1.12864171750978 1.15143416709462 1.15666694568295 1.07691182288832 1.1203717866242 1.04109861571296 1.04474536729764 1.11146226880294 1.05596453177564 1.1054611784814 1.07093337698968 1.11023166380412 1.10318024456446 1.13510778152877 1.09929301766856 1.10291388912664 1.06839462466679 1.0914344754734 1.12101539815936 1.08528187600925 1.11817698272003 1.02599006777269 1.11470267839018 1.14345135053908 1.05028581024398 1.12928258098731 1.0709979061569 1.06455515987257 1.12634070973346 1.04416534503878 1.08996530491433 1.00665295395124
"frmod_fr006" 0.987288983096791 1.04305696736883 1.01070987638639 1.04602841499277 0.915011727768902 1.04861314343769 1.09187106496777 0.836493752179798 0.910150341189706 0.902614566018758 0.92186427955882 0.801023846220293 0 0.835022578218629 0.901542266626319 0.789754692720113 0.972801291278263 0.78362955043062 0.92748779068535 0.885931747509247 0.942311281933408 0.886798540666744 0.879669838545843 0.922530791459117 0.834795218585751 1.00408552897747 1.00642917568527 0.973346678966238 1.06550015389855 1.16258205496583 1.06647379462525 1.11143875178214 1.04668113268212 1.14841152087769 1.13407939913814 1.12781574747021 1.05919371597439 1.15440696218198 1.14281711181747 1.07096235055857 1.11931272034642 1.12928381008488 1.1135012208775 1.1345509047856 1.08101302857697 1.08611447523298 1.16291098365316 1.17624006500136 1.16267679147549 1.14004619492225 1.13131480826501 1.17178775332252 1.05296591778231 1.08653755429061 1.14103136426422 1.08159460074423 1.14633554433872 1.15325923153386 1.03303305179092 1.10411682532477 1.0352582935238 1.08590376732092 1.15278547661341 1.042871971186 1.08606789323498 1.09390712765968
"frmod_fr008" 0.996168181211742 1.04710587931166 1.03050444931714 1.06209330552909 1.00729204952789 1.04408852467552 1.13333622642281 0.89372344446713 0.925855969707828 0.93253847837135 0.950079788227234 0.830661976444082 0.835022578218629 0 0.865214445882515 0.860166340602487 0.98785471589128 0.861993157702718 0.926885492801773 0.957749372158438 0.960696625643003 0.915368557345978 0.837932076096763 0.955425322641673 0.87055097632396 1.03693352630365 0.998796526858144 0.955941229802532 1.15324139113381 1.16953323199019 1.13151263461386 1.19459030578122 1.15982441909234 1.24106182414412 1.20021114537572 1.24381759648536 1.20027979292467 1.16782044333952 1.229662756964 1.17536249660351 1.18751759563678 1.21306964487664 1.18833427382721 1.18371632468729 1.0657270778054 1.1573808872992 1.2333838486458 1.21179001230715 1.25339482060709 1.19477495294003 1.17859365875177 1.2179930929086 1.19302218515777 1.18470463520136 1.24270949213018 1.15100714981346 1.17866126507752 1.19598224029619 1.1078209148948 1.25691820013052 1.13967657853 1.16000590444939 1.21820740553828 1.09460212717188 1.11759675295265 1.11276323210893
"frmod_fr010" 0.973343886071034 0.97691271699314 0.979580076561863 1.01843143326542 0.995392098423533 1.02077998645105 1.10522077888686 0.815902095634375 0.825529245344097 0.825277378903143 0.855812758201444 0.837872382581571 0.901542266626319 0.865214445882515 0 0.865839828507083 0.817121515940393 0.824214765127108 0.837791378582883 0.929476224799546 0.944391290303248 0.881297237953667 0.88042502419194 0.86390590238192 0.917849376733765 0.979571921492082 0.873038237921975 0.946185508263059 1.09560437244272 1.08328188259726 1.03147765602071 1.09657233073685 1.12211199636608 1.20079423970121 1.16804585999663 1.1985887748544 1.19003591212075 1.0759759235721 1.16914756341904 1.11245063383328 1.14982874645103 1.18547091011313 1.12758628507662 1.1813785544331 1.1113435785715 1.14086720793863 1.1878297569458 1.16306271597945 1.17960673653467 1.16460584305195 1.11758639433265 1.14305661799386 1.19263211566218 1.16819553583026 1.1444024949587 1.13440989613223 1.16677900562694 1.2033192121328 1.1054405798824 1.20474415347945 1.15675850273429 1.14319622006945 1.1407789124393 1.17417931962758 1.10140564092424 1.09235371956059
"frmod_fr011" 0.923461724110207 0.939380630346402 0.972382361330764 0.987418886669942 0.907374858132924 0.947345932934647 0.997911377499281 0.765788340727801 0.841171127195028 0.855229895388528 0.85286228341036 0.768219962928258 0.789754692720113 0.860166340602487 0.865839828507083 0 0.825586866272333 0.803954142952 0.831820677448254 0.78999524801193 0.841751176392192 0.802011296227197 0.832228933415997 0.817095385318976 0.835624594151274 0.93914121766067 0.875131706914158 0.890617585645803 1.0367259888832 1.08488997877456 1.0552055611279 1.08733186913643 1.05079433636576 1.08919085679608 1.12737324757339 1.15868823668201 1.12770130212441 1.0340061480578 1.12430730791383 1.08830075503773 1.07231590753516 1.0944527716783 1.07112483421302 1.06342734131321 1.04519897377942 1.09860007596951 1.10016674465773 1.10448737111696 1.08790354446393 1.11297479090684 1.07104397068076 1.1446945864831 1.12228404593102 1.08245190197869 1.10387535798883 1.04217526053587 1.14264917500245 1.13242721945963 1.06141508367052 1.08663948866542 1.09570428286398 1.02496035119907 1.11606042476158 1.05053576172593 1.07233080180241 1.05951111199659
"frmod_fr012" 0.933365849847676 0.929900930165276 0.925017493644993 0.934860414772496 0.963391588054072 1.01495099372864 0.999247831153565 0.812732905890554 0.86480147928556 0.808868529018934 0.808464135057776 0.855263312040771 0.972801291278263 0.98785471589128 0.817121515940393 0.825586866272333 0 0.812948450534207 0.813824690015156 0.819078664065612 0.875320179790118 0.845677502042632 0.862127838832123 0.788019543432467 0.920821610349847 0.857300742010371 0.279113977692845 0.819819420626431 1.08135591837595 1.06730159866821 1.00582715298322 1.07540988380528 1.10469894053048 1.09046489441871 1.09649574610057 1.14882626350975 1.14712719434085 1.05151761522103 1.08639500067089 1.01986405153494 1.09137749035616 1.1080511007771 1.07836803503691 1.08535004700348 1.06377839440408 1.10668220599453 1.08647451332603 1.07151053720566 1.10848314493086 1.05014185890021 1.06317240098565 1.08211291200658 1.14721004115289 1.06615126452204 1.06742785384701 1.05703673147659 1.11651605725041 1.12347071316576 1.0354765529755 1.10595491422387 1.06721425578828 1.05256715933882 1.03533272724428 1.15407867200614 1.05809560993184 1.00696243808496
"frmod_fr013" 0.957062061946201 0.995569288016289 0.958871084240321 1.0037752356082 0.902426081966621 1.03135023706651 1.01752809439757 0.812468141029904 0.847671042166495 0.799716347262831 0.852633311586303 0.765692876091923 0.78362955043062 0.861993157702718 0.824214765127108 0.803954142952 0.812948450534207 0 0.859870713242015 0.826800032513582 0.874109257850156 0.814169167196951 0.807902194912591 0.837400619357912 0.842132043789851 0.926045727039488 0.890747321095829 0.898903691257799 1.07578070464869 1.09807553009216 1.03396748515054 1.08688191159098 1.04797900123753 1.08754349058751 1.09648960023612 1.13287248730273 1.09848336473404 1.05240523283302 1.1219283351744 1.00681430325287 1.02002686997612 1.09007922065275 1.09748553544321 1.08898487169526 1.06231691723866 1.06612734476919 1.10838283281459 1.13221492244816 1.09567943803191 1.08556072460702 1.07924734658571 1.09043009885251 1.08058380227815 1.04445202910748 1.08473096539539 1.07056905841657 1.10986701254175 1.13809228259935 1.04791847903975 1.11878027734315 1.06702981203798 1.0744379372519 1.0875239022703 1.09036103373129 1.0303276507052 1.03741967483706
"frmod_fr014" 0.9962965505551 1.0041152141468 0.952887461345252 1.02672622915562 0.970560888771358 1.04533075370093 1.02251276773631 0.843577213924619 0.928402362941555 0.847400961937496 0.877521412501838 0.84864260893171 0.92748779068535 0.926885492801773 0.837791378582883 0.831820677448254 0.813824690015156 0.859870713242015 0 0.806967593694921 0.829166062514226 0.853307031856271 0.85107371503401 0.80842248936149 0.905154452602282 0.93980478630495 0.877012078827708 0.958312218295911 1.11416506758458 1.1313540406062 1.0189303988114 1.14059533002804 1.13190916669398 1.09778904551297 1.10316369339024 1.16424331462602 1.15690212293402 1.07374928433988 1.14495274319346 1.12768472721336 1.14589872180576 1.17473769744652 1.11937637073193 1.09226593723241 1.13252732251054 1.13148680085934 1.16164367515753 1.14310036396985 1.1383457141165 1.11177818359077 1.13729060996854 1.14826704130268 1.2074783780541 1.07139444857087 1.11321469863655 1.07996221311204 1.19542069222865 1.17879387244454 1.10675703390739 1.13031075464572 1.14956327085692 1.09240087989751 1.1342558142937 1.19264480981534 1.07494594105978 1.08873212621765
"frmod_fr015" 0.976221164511155 0.9724118219184 0.988118541198952 0.995390966023135 0.928333230773801 1.03388318572198 0.986200661055083 0.871655407954232 0.91056037220407 0.884555282521671 0.888915140772048 0.836850744920764 0.885931747509247 0.957749372158438 0.929476224799546 0.78999524801193 0.819078664065612 0.826800032513582 0.806967593694921 0 0.846597995247152 0.874679372678048 0.842061666530641 0.817490701205501 0.888357919091659 0.92890191267646 0.874418175737144 0.886536316129601 1.12767026134139 1.12800108325576 1.00699715135634 1.12564916940977 1.09949338028276 0.806521413786578 1.08502955574445 1.10515402699577 1.12026230790724 1.06464685721468 1.10137033328351 1.09647432991784 1.05427690051306 1.10345963021328 1.0263394348806 1.08444368162472 1.08258462342019 1.07057184592265 1.10457932684795 1.12238115641988 1.10650045649296 1.10106919943926 1.10492048245164 1.10803430248779 1.0959509873556 1.03037046699368 1.08083756002066 1.07982032811806 1.12333533757165 1.13538331742315 1.05695685833704 1.09647598722548 1.09349965302701 1.02555808428905 1.08453754749683 1.09797544595948 1.10316791376114 1.05130872011174
"frmod_fr016" 1.02730917789568 1.01450791449085 1.0060646603839 1.03661202461894 1.01469120177686 1.0466552181473 0.479913306290667 0.919543083209701 0.932302281548022 0.905254660953397 0.912817362503183 0.894068843330481 0.942311281933408 0.960696625643003 0.944391290303248 0.841751176392192 0.875320179790118 0.874109257850156 0.829166062514226 0.846597995247152 0 0.825372139593852 0.881673474727649 0.88881163126969 0.892102377176501 0.956741395858196 0.927601254474722 0.897117382646158 1.17731745575764 1.12475370591371 1.09431402798388 1.16264897644786 1.15532269240023 1.17432822380752 0.828146879810956 1.15996427625667 1.13860889554237 1.10807218112898 1.1429251636187 1.09122948954055 1.0897683495249 1.09587036437887 1.13535809512031 1.03243825512468 1.10314323795601 1.09465010733699 1.14147270821896 1.13697415205368 1.14214506524516 1.11927843110154 1.09921842783273 1.15836282238301 1.1769034944499 1.06948454667585 1.09191238480536 1.10262576550123 1.1663753593101 1.15107975037303 1.0925186206498 1.08932920716346 1.14256198978215 1.0473825182313 1.0999473656778 1.16081606273354 1.08237074609469 1.13006843594515
"frmod_fr017" 0.958383842977838 0.960663119720857 0.928858992887888 1.00000478830054 0.958206121946093 0.95633527862508 0.977878764966809 0.844290493101114 0.860449378488966 0.858652269622726 0.868394476362205 0.877605228890729 0.886798540666744 0.915368557345978 0.881297237953667 0.802011296227197 0.845677502042632 0.814169167196951 0.853307031856271 0.874679372678048 0.825372139593852 0 0.785328864003397 0.812029749913368 0.894914218473123 0.992650162638611 0.8972123751367 0.844963404338282 1.12711962710128 1.076725007139 1.04876637484005 1.13315061961659 1.1313287700587 1.14908458414269 1.12766778418685 1.16290307966092 1.15439575242205 1.05484152964685 1.15052083785072 1.10849550511791 1.04692973023044 1.0940723441838 1.07390131852534 1.10938623924606 1.05711677951573 1.03758768891019 1.11031794427212 1.13866214708417 1.12161058711988 1.07626745571435 1.13125428279065 1.12640361943738 1.15235650696269 1.10934561851281 1.15355184853979 1.04772932011759 1.18091658617755 1.2039785248547 1.11335140897699 1.11604382775047 1.08710769164235 1.08027168352427 1.09385562695592 1.10123779020408 1.07355040585425 1.075813702662
"frmod_fr018" 1.00091071504073 0.994980629960825 0.950112382930065 1.0161397980875 0.908942898158557 0.99280145170639 1.05721975204173 0.850535167404075 0.883836200837054 0.829244289103214 0.891864833600976 0.832287638045126 0.879669838545843 0.837932076096763 0.88042502419194 0.832228933415997 0.862127838832123 0.807902194912591 0.85107371503401 0.842061666530641 0.881673474727649 0.785328864003397 0 0.85027959137958 0.920669746255303 0.967577482747036 0.910082115939113 0.954982007249489 1.11316963059634 1.08489554607871 1.01133506483655 1.14187521605364 1.08676365722062 1.11311841359918 1.12024854019827 1.16321586436662 1.14136281735353 1.09073710259107 1.16962616990994 1.08736949236609 1.13276852110182 1.12867494870653 1.10732059908098 1.1093576415457 1.09261166447538 1.10749290832097 1.17735454166415 1.16938984650613 1.14883951919999 1.13113174770286 1.13202549813514 1.13363023762371 1.13445590987103 1.09321039644965 1.12035087807611 1.11149577831386 1.18585973403171 1.17991695179549 1.07163854221348 1.11461319323843 1.09395458660118 1.09557241553542 1.16005137991039 1.09017585057151 1.08871584260905 1.09932533643576
"frmod_fr019" 0.978299894016462 0.969789164216413 0.960290405567195 0.932570829235067 0.928905016010738 1.02788366128138 1.0467690263982 0.84298923528068 0.853232749777759 0.827864147376236 0.794807344711353 0.790956875755589 0.922530791459117 0.955425322641673 0.86390590238192 0.817095385318976 0.788019543432467 0.837400619357912 0.80842248936149 0.817490701205501 0.88881163126969 0.812029749913368 0.85027959137958 0 0.919692940839743 0.885161761066551 0.858587336042754 0.885034891797483 1.12862687601032 1.10115512041988 1.04174364459578 1.12195708724469 1.09247656501918 1.10526866820189 1.14267700271282 1.15982484760871 1.18168261657455 1.06772514680455 1.11463141456595 1.05639866541283 1.07266039295027 1.15835237232471 1.0798896057211 1.14986475762299 1.09342641988348 1.10742917252353 1.10314486809173 1.10660832814472 1.12435614521739 1.09639474439786 1.07544262540272 1.03649581389131 1.18190544206019 1.09236648485848 1.08210739711656 1.10262684116879 1.13213431342299 1.15761434635116 1.06950589133435 1.17074255021636 1.10845051174072 1.10794764069184 1.08373306166474 1.15800304702639 1.0888866045272 1.04212388279637
"frmod_fr020" 1.03743703151449 1.06334914915356 1.05628527682398 1.06190911641157 1.04357605966009 1.08904793090785 1.03970901073231 0.916976497538259 0.921215476766452 0.929502017761933 0.97057974672164 0.900840406354523 0.834795218585751 0.87055097632396 0.917849376733765 0.835624594151274 0.920821610349847 0.842132043789851 0.905154452602282 0.888357919091659 0.892102377176501 0.894914218473123 0.920669746255303 0.919692940839743 0 0.989433081165882 0.97201628224471 0.914989268693817 1.16474735998849 1.19926066617905 1.15109792222663 1.20487217046698 1.14925834987056 1.17398570876421 1.13689291305491 1.18440592017384 1.1588405344331 1.17548825057364 1.18451835558543 1.13501205086726 1.15112947204165 1.21620610851713 1.17433892594493 1.14678822975606 1.13624436865427 1.13346336203945 1.18038198289486 1.15153519214571 1.1782323774104 1.11991673400388 1.19745463952068 1.2410121900695 1.16037208183553 1.08969954358754 1.18774477742458 1.11239203363554 1.14959351605269 1.17747563832244 1.05588197231687 1.13195729425475 1.11904797242004 1.07755235259326 1.1405441153091 1.14205407600145 1.12350455145551 1.08791109763985
"frold_049" 1.03464337625728 1.00679879761112 1.02052734783958 1.01568305929202 1.0381579169687 1.12724578481059 1.08394519922253 0.907805185035445 0.934302215022178 0.924756067906358 0.908134127111567 0.930738461966029 1.00408552897747 1.03693352630365 0.979571921492082 0.93914121766067 0.857300742010371 0.926045727039488 0.93980478630495 0.92890191267646 0.956741395858196 0.992650162638611 0.967577482747036 0.885161761066551 0.989433081165882 0 0.895572855976404 0.865527950757899 1.15740112775666 1.14822636602614 1.11463931044161 1.17510747789991 1.17136374068249 1.15290599986841 1.16576150288361 1.2324335215276 1.21751154478205 1.16197011228501 1.12810008948947 1.16511592868218 1.15254561428906 1.22873954698612 1.1610230480196 1.18668992183699 1.11387409238364 1.16263891671691 1.15739663034801 1.14110990441214 1.21027444292607 1.10613816998153 1.15528747827893 1.13632445044895 1.18925733413032 1.10499905141616 0.91909424326035 1.13637741077362 1.11901899471335 1.17980502601427 1.09140429183742 1.18841738069268 1.12705251452619 1.05987963239665 1.06658834953025 1.15860415581575 1.09656120296076 1.0672494468425
"frold_fr012" 0.88382802227152 0.888900473724652 0.902807928537759 0.880804111363854 0.941980673464638 0.998535327970471 0.96663584689914 0.883152365268511 0.906539979021001 0.872136206356347 0.863566751573387 0.909718282175807 1.00642917568527 0.998796526858144 0.873038237921975 0.875131706914158 0.279113977692845 0.890747321095829 0.877012078827708 0.874418175737144 0.927601254474722 0.8972123751367 0.910082115939113 0.858587336042754 0.97201628224471 0.895572855976404 0 0.874800918282614 1.07482706729421 1.05307741001297 1.01910527421579 1.06033174184787 1.09127601144235 1.08205688047003 1.09163498157717 1.14002817399089 1.14933372618833 1.04263920483247 1.07632404875931 1.02594685394718 1.08996560829469 1.09552073024736 1.08434267511558 1.08136372959551 1.05196236133073 1.09684990616196 1.07131816185321 1.05170556925762 1.11650366526257 1.04507768146029 1.05300896201705 1.07319517195784 1.15834229110812 1.07286574571543 1.05584402831774 1.05658843422288 1.09185803678488 1.09211899651957 1.01850334958723 1.11577335004258 1.05412202207566 1.02977223188051 1.03411416591765 1.13825007872778 1.05286427864695 0.994115242473898
"frold_fr042" 1.00228530128616 0.989043548582952 1.02164593264001 1.01893934368471 1.0443866338346 1.08860881228732 1.02035768891559 0.914771181611083 0.913744281827574 0.954599564515943 0.937127185184021 0.902941000025674 0.973346678966238 0.955941229802532 0.946185508263059 0.890617585645803 0.819819420626431 0.898903691257799 0.958312218295911 0.886536316129601 0.897117382646158 0.844963404338282 0.954982007249489 0.885034891797483 0.914989268693817 0.865527950757899 0.874800918282614 0 1.21398431921831 1.15713721898275 1.15468028599955 1.21576705318302 1.17884049892372 1.13612313948013 1.12913224056264 1.24188206171573 1.20367830484462 1.13796446286692 1.09392116638888 1.12151264716829 1.14015925817956 1.16615988372004 1.11993040933596 1.17004439688312 1.11377717143624 1.09880097848401 1.16726462345157 1.13959308641558 1.19631145574516 1.06424725356169 1.15049538915053 1.14903889933247 1.20874536238844 1.14782234348085 1.11892599926985 1.07111199852299 1.09630731598766 1.09927295809536 1.03390083844924 1.16363414561978 1.08214144070363 0.997319386005345 1.04705584070064 1.1288230858532 1.06441776499722 1.04643408500742
"qu_fr001" 0.854711497853056 1.03486683249869 1.01691649386849 1.01414070696612 0.979883877806967 1.17192883025698 1.18784493917302 0.884765278955488 1.07577230763091 1.0087957886605 1.02666782842395 1.0071838448004 1.06550015389855 1.15324139113381 1.09560437244272 1.0367259888832 1.08135591837595 1.07578070464869 1.11416506758458 1.12767026134139 1.17731745575764 1.12711962710128 1.11316963059634 1.12862687601032 1.16474735998849 1.15740112775666 1.07482706729421 1.21398431921831 0 0.95231158151185 0.910136535588403 0.800402708665785 0.947965366115737 1.10290820967453 1.06611573445242 1.10672678021068 1.1135366665825 0.975793890288502 1.05808653408563 0.978817791087578 1.05363028854288 1.095972130269 1.05248960282402 1.04110429472212 1.02077531914289 1.12215480378186 1.04901819920967 1.04332866737554 1.08386385785882 1.05276537722412 1.02010392510107 1.03374981717655 1.14384737646059 1.03965544263687 1.02222106925835 0.973405682325091 1.04150631867415 1.10423743829643 1.05775852045613 1.05130356570386 1.03946955742292 1.02234220201822 1.00741743116453 1.00812406412569 0.965833438976224 0.987541606098174
"qu_fr002" 1.03356050253942 0.776381419364828 1.07383517885441 1.02811548751694 1.08135512236318 1.07614412875652 1.12185424185468 1.04490844917858 0.866006341405513 1.0837880368216 1.04033240140948 1.07919120240277 1.16258205496583 1.16953323199019 1.08328188259726 1.08488997877456 1.06730159866821 1.09807553009216 1.1313540406062 1.12800108325576 1.12475370591371 1.076725007139 1.08489554607871 1.10115512041988 1.19926066617905 1.14822636602614 1.05307741001297 1.15713721898275 0.95231158151185 0 0.99810668727388 0.945723437670936 0.99572487419574 1.05851157934314 0.970251949338494 1.04875676268363 1.12375362537351 0.88834981258204 0.997518040484535 1.00099902109257 0.984210302296753 1.00747677957195 1.05868259445277 0.995081787864734 0.931046602208124 1.03901292832058 0.989607265205775 0.996884322883452 1.08228319149486 0.997475382568279 0.940726591562355 0.969395959709376 1.10787557317317 1.03101261431866 0.908833852638077 0.984547713583783 0.976805435164892 1.04842104218896 0.978919370519527 1.05442728843842 1.01062204888733 0.976577883423795 0.951017203111748 1.04055823970774 0.975260089226765 0.974980239976088
"qu_fr003" 0.990652467828067 1.04846935764396 0.829682879640228 1.02249831103662 0.962279710299696 1.13664290962297 1.10462921606645 1.00375395399315 1.07201642358824 0.825512882877867 1.02502690981988 1.00074095873921 1.06647379462525 1.13151263461386 1.03147765602071 1.0552055611279 1.00582715298322 1.03396748515054 1.0189303988114 1.00699715135634 1.09431402798388 1.04876637484005 1.01133506483655 1.04174364459578 1.15109792222663 1.11463931044161 1.01910527421579 1.15468028599955 0.910136535588403 0.99810668727388 0 0.978558082433518 0.859783108825912 0.930371122935597 1.02356231592904 1.01794793548253 1.01791413227316 0.94034751192382 1.0069574506586 0.901573839921163 0.965953315486319 1.00091494619426 0.917904036047479 1.01651895571746 1.00884371518834 0.990695507244139 0.961851935385963 1.05226074019989 0.924468615898158 0.933612119712994 0.992524092755273 0.91801683378605 0.973144129395615 0.992156737875165 0.979414028539725 0.962271470306577 1.02431098402851 1.07749608035352 1.0074103552384 1.01037198575509 0.988104946295498 0.981906582294377 1.00733786491638 1.0605016237494 0.962930275216653 0.992161420581399
"qu_fr004" 1.05821561070267 1.03327568579908 1.08807737778022 0.873651143316473 1.01999018376044 1.17350367959647 1.16820364992307 1.04618927737758 1.07062143910806 1.07120619996832 0.876246762813038 1.04556576856137 1.11143875178214 1.19459030578122 1.09657233073685 1.08733186913643 1.07540988380528 1.08688191159098 1.14059533002804 1.12564916940977 1.16264897644786 1.13315061961659 1.14187521605364 1.12195708724469 1.20487217046698 1.17510747789991 1.06033174184787 1.21576705318302 0.800402708665785 0.945723437670936 0.978558082433518 0 0.967748997600201 1.11252149551653 1.05825082119848 1.09938792953665 1.1543453556573 0.969619967412941 1.06074040022153 1.01756350289635 1.0455939822408 1.07643936754832 1.09838101100041 1.04543279590695 1.02008279762066 1.11070260733922 1.02733395355959 1.06213007957931 1.10942675907468 1.08104916590216 0.947191828911759 0.960152380767282 1.16708347880828 1.04347467427697 1.02767173009764 1.01505175013884 1.07323643904423 1.05698302366395 1.06335491585681 1.14392839557142 1.07424303714727 1.07981308831374 1.04291867900741 1.06093933240216 1.03087598799883 0.984399225937921
"qu_fr005" 1.08318440407984 1.10813184873581 1.13567706553821 1.08268395864286 0.851756723935617 1.15550352258044 1.17929041902328 1.08632274769027 1.09475292722539 1.10151914345983 1.07421572626839 0.897746399222439 1.04668113268212 1.15982441909234 1.12211199636608 1.05079433636576 1.10469894053048 1.04797900123753 1.13190916669398 1.09949338028276 1.15532269240023 1.1313287700587 1.08676365722062 1.09247656501918 1.14925834987056 1.17136374068249 1.09127601144235 1.17884049892372 0.947965366115737 0.99572487419574 0.859783108825912 0.967748997600201 0 0.908056326825341 1.04358441537444 1.0250821061166 1.01554490721655 0.949943117325558 1.05695095152009 0.877013163146874 0.914222853829969 0.999552790675328 0.874802758826321 1.01337724737584 0.981284367743004 0.961221732229726 0.979373644302246 1.04234517310408 0.949957436394772 0.953544851602247 1.00065331881491 1.02679212089799 0.974533072625884 1.01617245706156 1.0019527380868 0.985726525230604 1.03059358973076 0.995284646314663 1.00786501246639 1.0268455746317 1.00706050838399 1.00380646616518 1.05258351147425 1.01049280763546 0.996555587671812 0.958655336222364
"qu_fr015" 1.13172573999987 1.09661471501245 1.15142142186439 1.14273376254154 1.06481081424491 1.19851310033236 1.14908117327258 1.14182324752117 1.10301920433916 1.13453691576179 1.14855287187461 1.08576426953371 1.14841152087769 1.24106182414412 1.20079423970121 1.08919085679608 1.09046489441871 1.08754349058751 1.09778904551297 0.806521413786578 1.17432822380752 1.14908458414269 1.11311841359918 1.10526866820189 1.17398570876421 1.15290599986841 1.08205688047003 1.13612313948013 1.10290820967453 1.05851157934314 0.930371122935597 1.11252149551653 0.908056326825341 0 1.01334180607136 1.02952092664352 0.98989753573604 1.00935426545286 1.02309848080913 0.927166644931616 0.925159486601309 1.02055955141007 0.908725941436875 1.0252073833177 0.990977791893188 0.974867631040941 0.9993968988673 1.01579623065847 0.954412708544658 0.934988220138896 1.05213934084034 1.04978504811282 0.988023788869102 1.00514142843359 0.999959514453893 1.02309568034119 0.99522781163191 1.01113496872623 0.958449622342078 1.03514817913883 0.995770802080595 0.993297115459852 1.0185334859848 1.01681095948765 1.03250998617133 0.985670197849318
