"bg_fr001" "bg_fr002" "bg_fr003" "bg_fr004" "bg_fr005" "bg_fr009" "bg_fr016" "frmod_fr001" "frmod_fr002" "frmod_fr003" "frmod_fr004" "frmod_fr005" "frmod_fr006" "frmod_fr008" "frmod_fr010" "frmod_fr011" "frmod_fr012" "frmod_fr013" "frmod_fr014" "frmod_fr015" "frmod_fr016" "frmod_fr017" "frmod_fr018" "frmod_fr019" "frmod_fr020" "frold_049" "frold_fr012" "frold_fr042" "qu_fr001" "qu_fr002" "qu_fr003" "qu_fr004" "qu_fr005" "qu_fr015" "qu_fr016" "qu_fr021" "qu_fr024" "qu_fr025" "qu_fr027" "qu_fr028" "qu_fr029" "qu_fr030" "qu_fr031" "qu_fr032" "qu_fr034" "qu_fr035" "qu_fr036" "qu_fr037" "qu_fr039" "qu_fr040" "qu_fr041" "qu_fr043" "qu_fr044" "qu_fr048" "qu_fr049" "qu_fr052" "qu_fr053" "qu_fr054" "qu_fr055" "qu_fr056" "qu_fr057" "qu_fr061" "qu_fr063" "qu_fr064" "qu_fr065" "qu_fr066"
"bg_fr001" 0 0.759801649673036 0.732020380382561 0.760778532849762 0.829510198514656 0.9675623572642 0.96674535693048 0.582265127389064 0.937777198566994 0.870979579047744 0.891626795205669 0.919217245449508 0.989278173553667 0.996882403072462 0.978444973661695 0.922371965856758 0.938912207201152 0.960689485206757 1.00184961532402 0.98449527545197 1.01491665165634 0.976784783693009 0.991963314085474 0.98430372763611 1.02648126116147 1.02668664844534 0.883842520894506 0.989538398037341 0.837653786503219 1.01384855071018 0.998050411492992 1.04377084700888 1.07237478453042 1.12550557231437 1.15709184973253 1.14314803350491 1.11784782948899 1.02678287560012 1.09313959434686 1.04892354910546 1.1037140823646 1.08285335066814 1.07854561543806 1.09463437048854 1.00905482149384 1.14820175512208 1.10006880253427 1.08869006700253 1.10028733828906 1.09637095977454 1.07458418299782 1.09704465982497 1.15949404754064 1.09047481213392 1.13281122887169 1.03844802338378 1.10835653703054 1.17618680019959 1.10947188634709 1.07062932832765 1.07781328484939 1.06690420252827 1.0707976789553 1.06794079704135 1.08029107290627 1.03214762560721
"bg_fr002" 0.759801649673036 0 0.800808913140209 0.775378479294536 0.85565306436724 0.889387126497392 0.920894315808817 0.920838357787456 0.592860679209731 0.938198499892151 0.894918193098142 0.927739175687753 1.03880261593469 1.04150644980009 0.968475185741948 0.943336086586241 0.923994015363572 0.984973635203384 1.00436301929569 0.968365570765669 0.997952058143293 0.971721629642312 0.98691336889464 0.968996996421509 1.05166842689556 0.994363270994903 0.88095307393684 0.977777295102192 1.0186330310058 0.772013171844676 1.05299947679819 1.02995451906921 1.09446808901977 1.08325486572365 1.08651180445275 1.13808322907137 1.18001480451069 1.02814020160975 1.07713091052605 1.05486581992143 1.09087878299617 1.10591336825007 1.1172347793939 1.07545342021343 1.01405949949797 1.10984976940086 1.1034359580059 1.07975624906336 1.13717686107626 1.07064304730257 1.05500431546476 1.09725093302036 1.14377091881578 1.08821661685423 1.05035367948189 1.0364362117557 1.07233267288727 1.14059047453725 1.0617864238122 1.14163326469606 1.05451896118306 1.0499372707829 1.04385794157544 1.04906472238091 1.03674369426354 0.997236780001346
"bg_fr003" 0.732020380382561 0.800808913140209 0 0.748933918147935 0.868191780973353 0.984094601197826 0.950830904679832 0.865001009587869 0.942451871945114 0.555859603126271 0.892496227102402 0.931224282825265 1.00260042896107 1.02028363680715 0.981341702750271 0.970630555744675 0.931752782301086 0.955710557314772 0.95955074291555 0.982960926390529 0.999785131950927 0.946419471373899 0.947539772194586 0.964741476914123 1.04737153125232 1.01267718218579 0.902558199551128 1.01963188208055 1.00712124408987 1.06398289571847 0.821321080276196 1.06624774693156 1.1233636521836 1.1319887151128 1.10659251065156 1.1338252796373 1.17304424543086 1.04619012288361 1.11784130682816 1.06159353060462 1.14829256576883 1.07374097365045 1.10770943937004 1.06736741912859 1.09000922446372 1.15340814203105 1.082651973544 1.11277586608131 1.12349312614726 1.1138364004579 1.0988168905088 1.0794074498555 1.16959389191641 1.04245576982875 1.12523171965098 1.0319994032676 1.1545472415766 1.17703160695198 1.111093581042 1.12057386638617 1.07520844695092 1.04541927456081 1.09599633120881 1.0994030865635 1.07230456475565 1.02916908804698
"bg_fr004" 0.760778532849762 0.775378479294536 0.748933918147935 0 0.828168192931832 0.993042610382061 0.937319366039468 0.915884118707776 0.934004908956423 0.926112990150157 0.486875231716937 0.919647165810494 1.03439782891753 1.03775803470857 0.999423402660451 0.97765802178282 0.931545943695585 0.9872757910324 1.01680196415487 0.9891410936212 1.01334123446382 1.00093722734021 1.00091123463678 0.933402127898784 1.04574338106439 1.00133548749684 0.874651317467013 1.00595591340012 0.995117318045982 1.01342148564841 1.01708159332081 0.853221572680162 1.06468862055038 1.1184605404605 1.11085890440926 1.16522909308553 1.14058776530087 1.02800726208157 1.08377399629913 1.03848132362367 1.11935446800344 1.06463215460091 1.11435548472203 1.07668471293773 1.0510567164545 1.13309056259227 1.07211785074308 1.06300224288157 1.14910238480413 1.12730321457682 1.04275418145733 1.06503085792031 1.19779143364033 1.09437184320915 1.09659191185612 1.07277736102169 1.10505313474123 1.14226090332433 1.13312078479934 1.14838819029641 1.11552471654591 1.06359893379678 1.08735969998859 1.08523945699538 1.10067827464522 1.00854746567258
"bg_fr005" 0.829510198514656 0.85565306436724 0.868191780973353 0.828168192931832 0 0.878446771685464 0.942504567214041 0.904714328816076 0.974770586164953 0.949662603239245 0.936951769245529 0.586000293523908 0.911485908551692 0.984364561482538 0.994306999750378 0.905156537544917 0.960500646977514 0.901345184637394 0.964785300708506 0.917126888848828 0.996674873463826 0.971345638603851 0.890767462262772 0.927818949266533 1.01849449915891 1.01403667275635 0.921387768295528 1.02005441900147 0.968171960024748 1.05421603659147 0.969443688731685 1.00813188742602 0.836745809539271 1.0466860869612 1.08357435430304 1.08315877902215 1.10375379685366 1.03018076180107 1.09657336269516 0.98913532413561 1.03457930407477 1.04176152931534 1.03692966542974 1.04111737266356 1.02108554565714 1.07301846596475 1.06973899638795 1.11609401049532 1.04420324168709 1.07227915690738 1.06125872578096 1.09932145998819 1.08992861991016 1.05706970597188 1.06448205104769 1.00762763724074 1.093198335855 1.11492294697532 1.08029486432782 1.06919933902194 1.04571499766683 1.01611811338546 1.09107570759516 1.01409322672479 1.03467801030231 0.966214625012111
"bg_fr009" 0.9675623572642 0.889387126497392 0.984094601197826 0.993042610382061 0.878446771685464 0 0.958212030223865 1.04540380667848 0.985653460175692 1.07030889766707 1.08597710155603 0.997138202654914 1.02944260336742 1.03604983431345 1.01087690064644 0.936956407338549 1.00739227832755 1.01590705014467 1.04012363062405 1.01770078935208 1.01683158736992 0.951990753623987 0.976180436187786 1.02315791193935 1.06740822754712 1.11089889553767 0.980609467250851 1.07114147863478 1.15029241178663 1.06591038301322 1.12943208414252 1.16446195095509 1.13807765100854 1.16709178173194 1.18532162325703 1.1735285269871 1.19000644571057 1.09131224901112 1.19470576099914 1.12913122815489 1.0895385218133 1.15277552180579 1.14254324914623 1.17287357837134 1.10172271187007 1.10379280609845 1.18377735841741 1.15374949141493 1.18039083392427 1.15733937704684 1.14523357345643 1.16220610927895 1.21705844894867 1.21146481533667 1.18140577993626 1.1539972841669 1.20606629568875 1.19242663145792 1.15828843028543 1.19137409942154 1.18325614707905 1.1805109645431 1.11995478533603 1.13903631193109 1.10965770595783 1.10186992682795
"bg_fr016" 0.96674535693048 0.920894315808817 0.950830904679832 0.937319366039468 0.942504567214041 0.958212030223865 0 1.06689903741007 1.03908253862068 1.02748814393875 1.05193640477373 1.05667945130934 1.07147538447127 1.10736744191345 1.08634018803863 0.986069675538691 0.984679743727643 0.997561315168716 1.02323393710835 0.968465657795356 0.478587905782804 0.971033271151232 1.03101038185013 1.03259601926733 1.01442721331295 1.05487034652804 0.93459887188761 0.998836697801516 1.1607749115648 1.09873429631721 1.09482396439482 1.14774729660645 1.1564264997151 1.11270030925389 0.787096314818158 1.11868234338543 1.12006000988095 1.08925004587068 1.07265832223997 1.06978552783882 1.08353054362721 1.06047733405403 1.12479881287095 0.967403170319009 1.05809337321388 1.08252211222634 1.09830140220329 1.11316947445325 1.09619174107083 1.09681425119473 1.07956860621428 1.13018414270616 1.14240825046328 1.07050163655793 1.05697680396971 1.04910915537843 1.14314726249746 1.11038513574129 1.10387046546664 1.05716570187672 1.10009575087225 1.02016880653334 1.04158527245147 1.10795285316845 1.0512134075148 1.07528307464059
"frmod_fr001" 0.582265127389064 0.920838357787456 0.865001009587869 0.915884118707776 0.904714328816076 1.04540380667848 1.06689903741007 0 0.799256191964709 0.72768231648573 0.742354815584375 0.761627739411666 0.83891442290751 0.888496559407703 0.809556253682165 0.757476595563251 0.79858640414414 0.818363466067439 0.836525379616382 0.866824370480223 0.89372141915065 0.839957430733743 0.839948810674733 0.8319572087796 0.895856708008114 0.899279992850629 0.879527076280953 0.90507740899075 0.878041443829205 1.0313741503752 1.0239922587506 1.04176218756657 1.07857429274348 1.13203927927534 1.14723782809377 1.18106304756814 1.14782084562892 1.04308056046635 1.11324613915472 1.05897119467447 1.10881079531484 1.13334150522232 1.09108125437555 1.10920126482299 1.0397591857171 1.16220547497094 1.12233192801784 1.09858990682845 1.12459020490763 1.07810087806989 1.08523548780165 1.09773047418734 1.17361865558954 1.09932672348378 1.13114820825272 1.09125999294305 1.12048599815596 1.19488361901286 1.10685117747727 1.09175365740951 1.11069405613376 1.07721557759331 1.08568035375034 1.08339002530233 1.06718089916516 1.05783477485925
"frmod_fr002" 0.937777198566994 0.592860679209731 0.942451871945114 0.934004908956423 0.974770586164953 0.985653460175692 1.03908253862068 0.799256191964709 0 0.800975524709342 0.805712394027275 0.810096993424613 0.906882689901123 0.925955307029496 0.819255429406195 0.843650908658921 0.856063922402152 0.843808158572963 0.921916214215749 0.914632740000562 0.915717691439454 0.865719995561395 0.887349935999583 0.857015340526632 0.914383127523254 0.936570091529949 0.90829730513717 0.921332524755835 1.06029797303619 0.869229765157265 1.09784571374644 1.07295235932705 1.09093356206673 1.10069783060074 1.12687096375314 1.17621409610548 1.20628285891711 1.05061601754351 1.14094869978913 1.06133731671651 1.09694089754948 1.16123734353989 1.12193541943661 1.13168005488376 1.0534217137141 1.12887145846758 1.15577050365861 1.10816610830283 1.16054303252243 1.08044439868441 1.07396289281871 1.12640681454657 1.15991094674166 1.14385692801584 1.09487230181122 1.08833536730541 1.12559601148956 1.16382633391541 1.09109378011267 1.15986192886111 1.08414784369347 1.06531563572537 1.07879616342392 1.08630355814296 1.07733264041761 1.03265598520245
"frmod_fr003" 0.870979579047744 0.938198499892151 0.555859603126271 0.926112990150157 0.949662603239245 1.07030889766707 1.02748814393875 0.72768231648573 0.800975524709342 0 0.792543432829114 0.797400528886445 0.897683598981633 0.930509411088055 0.827298742738682 0.859337638686322 0.817344809465596 0.805602477015338 0.860752943114298 0.879754419803147 0.898701496937044 0.872547203274431 0.837395656088283 0.832581939707359 0.923682009912154 0.933334770743884 0.885232050895432 0.96181592144552 1.01734767961636 1.08833665903234 0.842552055141028 1.07491047769726 1.11074011304117 1.13031608395765 1.12198187306473 1.13316405542155 1.18740926163597 1.06521709701739 1.1237762247931 1.05194712951076 1.13322520675817 1.11585697521892 1.09926191941879 1.07420013446343 1.10648765101511 1.14917753936076 1.10845128430323 1.12010370351303 1.09800227172702 1.09842175251535 1.09317605408691 1.06999328498522 1.16957314730415 1.06689213430996 1.11619305497821 1.05658927717574 1.15073015079484 1.17527257246161 1.10736712286652 1.11573932003335 1.09114928239021 1.06115896229355 1.09919029589343 1.11076228225165 1.06974224473925 1.06030308150826
"frmod_fr004" 0.891626795205669 0.894918193098142 0.892496227102402 0.486875231716937 0.936951769245529 1.08597710155603 1.05193640477373 0.742354815584375 0.805712394027275 0.792543432829114 0 0.793624051357035 0.91405043300389 0.935329728327001 0.834659750974375 0.849229218826554 0.796714918690488 0.843472872439191 0.866796089558898 0.887659242282722 0.88458121216661 0.859251582375365 0.887527996152272 0.796947613819983 0.95940858291637 0.903041711263742 0.871488289756445 0.93711238686576 1.020790251075 1.04293054675402 1.04804811156977 0.875390032103953 1.08240538890824 1.13895119798815 1.13374112804718 1.18749429842034 1.17419649134487 1.05552123798793 1.1243455960462 1.06829093575028 1.13899868420366 1.12823196544373 1.12901051531221 1.10696085600408 1.09684353082855 1.1690853891626 1.12130272152116 1.1068729134728 1.18227832426119 1.14991459955063 1.06082095513575 1.09738249763923 1.23755118822543 1.12655842643435 1.12957135512764 1.12411384981275 1.16914803591629 1.18871636288353 1.1735384033097 1.17682835685819 1.18312489003451 1.11842113505266 1.11595946898182 1.14169811486077 1.1273332657938 1.0572193792406
"frmod_fr005" 0.919217245449508 0.927739175687753 0.931224282825265 0.919647165810494 0.586000293523908 0.997138202654914 1.05667945130934 0.761627739411666 0.810096993424613 0.797400528886445 0.793624051357035 0 0.796057380850554 0.822109076061753 0.824403203719118 0.761850299011488 0.835493780736473 0.753610830880346 0.836658565113196 0.811463756256964 0.869078344706778 0.878120961689662 0.81171998102624 0.785002713145955 0.880006180375005 0.907046724953155 0.893761120624174 0.881178691868276 0.990293116271252 1.06195733693131 1.01556564894476 1.03674174735958 0.885738370846374 1.06838062226141 1.12020891112702 1.13138506988693 1.13218398560997 1.06307935798588 1.10034027772428 1.01146114497624 1.03428964406789 1.08945869220869 1.04114214487422 1.08704906310997 1.05360496804435 1.0886929410754 1.09343045376651 1.12104741775867 1.08244941629561 1.08171293193811 1.06041892542245 1.09481122575854 1.11526146653198 1.10070603082945 1.10511129709216 1.01969565501519 1.10276852340591 1.13614070343013 1.06279872164086 1.10946968601113 1.06526554417126 1.04911555687715 1.10232128225892 1.02515681164638 1.07187127835399 0.985116099217169
"frmod_fr006" 0.989278173553667 1.03880261593469 1.00260042896107 1.03439782891753 0.911485908551692 1.02944260336742 1.07147538447127 0.83891442290751 0.906882689901123 0.897683598981633 0.91405043300389 0.796057380850554 0 0.817080681115671 0.881849880484312 0.80077786085821 0.959968487981663 0.775921860075173 0.931481494230574 0.881076227923794 0.921096630343664 0.904678003657537 0.881316167936757 0.932080284688986 0.828172787875029 0.993988461313073 0.994459578114012 0.966919469728509 1.05935884641363 1.1493334466462 1.0771801523707 1.1093072129258 1.03934210334831 1.12602108892383 1.12678006322644 1.11268439170119 1.04710385544169 1.14022230665152 1.12642555433367 1.04727198143027 1.10877802744949 1.11891844956821 1.09785928986487 1.11877024903997 1.06106876020053 1.07398308774138 1.15413724299556 1.16798609826045 1.14126693818345 1.12638365250159 1.12232573585235 1.16304543583286 1.0646296408078 1.09803434251648 1.14457476527551 1.08448006841791 1.14693834164508 1.14706541462034 1.0576944748938 1.09545158604982 1.05098801854248 1.07847706925884 1.11974346663247 1.02909066639973 1.08026381461254 1.07573413837092
"frmod_fr008" 0.996882403072462 1.04150644980009 1.02028363680715 1.03775803470857 0.984364561482538 1.03604983431345 1.10736744191345 0.888496559407703 0.925955307029496 0.930509411088055 0.935329728327001 0.822109076061753 0.817080681115671 0 0.860725666125543 0.846395770210985 0.973650336815852 0.850337529187902 0.931914593684855 0.95088934665381 0.939114220494286 0.927201326723487 0.828184204453115 0.959150545955997 0.854974630967849 1.01805352337629 0.990910153495453 0.942902583649518 1.13477028746878 1.15323076684278 1.14275074165813 1.17892705599898 1.13859575638174 1.21187482370341 1.18507317503782 1.21081974810248 1.1773542325689 1.15546899005803 1.20936472724168 1.13089598556431 1.16849898228863 1.19027092360325 1.17024313424396 1.1618209114375 1.0489469861432 1.13858089790786 1.21920974862034 1.19657202798445 1.22355669916606 1.18060535095239 1.17721229942526 1.21070299112875 1.18676477946891 1.18819314841629 1.22500867384818 1.145724430289 1.17116304130534 1.1803159065414 1.12694080479416 1.23044809143145 1.13013198351141 1.14188855580156 1.19335301258963 1.06759188647205 1.11377808037549 1.09251450544792
"frmod_fr010" 0.978444973661695 0.968475185741948 0.981341702750271 0.999423402660451 0.994306999750378 1.01087690064644 1.08634018803863 0.809556253682165 0.819255429406195 0.827298742738682 0.834659750974375 0.824403203719118 0.881849880484312 0.860725666125543 0 0.861643691994984 0.799280136441224 0.812919215626766 0.833167475534113 0.917886408421782 0.921426662418301 0.876573293251364 0.873668075437768 0.859413688380004 0.90890190744284 0.973427516229605 0.863677286849783 0.938974364916064 1.07997289224539 1.08105496881503 1.05001741534766 1.08741875358892 1.11240949052973 1.17605094112512 1.15928964363368 1.18868337826575 1.16867293669476 1.07201090474479 1.15438816024773 1.09474073547859 1.14557339485774 1.16876321314861 1.12195003531375 1.16150435098909 1.10563689913528 1.12911436859685 1.1793631459301 1.15709694880551 1.16428068688793 1.15738821350228 1.12261734185392 1.14801601816518 1.19421412704612 1.1704939677701 1.14547089487248 1.12619481738157 1.17028656711151 1.19989966230398 1.12531553181153 1.17786281054566 1.15920359453967 1.12531407606511 1.123429134955 1.15598194245512 1.09886990830042 1.0723414572669
"frmod_fr011" 0.922371965856758 0.943336086586241 0.970630555744675 0.97765802178282 0.905156537544917 0.936956407338549 0.986069675538691 0.757476595563251 0.843650908658921 0.859337638686322 0.849229218826554 0.761850299011488 0.80077786085821 0.846395770210985 0.861643691994984 0 0.816942940837628 0.794696800861241 0.824337751478659 0.792536163640423 0.824382518596883 0.810211664306088 0.812931463057435 0.825785575363531 0.824063305949852 0.931669351419748 0.871561724524063 0.893620004027806 1.03097594460543 1.07911082354757 1.07047658728843 1.08749355878312 1.0511035053586 1.09361050912422 1.12541583042784 1.13961175144406 1.11126793673321 1.03539181676916 1.11564116530321 1.06905207495661 1.06921527437258 1.07305954380683 1.06087678477774 1.05168818510109 1.03863464739154 1.08799225239607 1.10121050626663 1.10166373501054 1.07456249655341 1.11337192630785 1.0733290923737 1.14680162294618 1.13281657736287 1.10049460042235 1.11121260346264 1.04464847850109 1.14079899303323 1.13050732471564 1.09281888496703 1.0760971388846 1.09738847440543 1.03564205070293 1.10266598168207 1.05136543785677 1.06790592667963 1.04708861777982
"frmod_fr012" 0.938912207201152 0.923994015363572 0.931752782301086 0.931545943695585 0.960500646977514 1.00739227832755 0.984679743727643 0.79858640414414 0.856063922402152 0.817344809465596 0.796714918690488 0.835493780736473 0.959968487981663 0.973650336815852 0.799280136441224 0.816942940837628 0 0.809394457338326 0.8136933531863 0.814569443810631 0.850271894421621 0.847575539679234 0.855668290853654 0.79192297508771 0.903326209138939 0.847023175764213 0.283230803318898 0.81449520188626 1.06961744689704 1.06235060423677 1.0265013180579 1.07184190276174 1.09607997008095 1.0835869894266 1.08709750578581 1.13995730704005 1.13091820155283 1.05922627968047 1.07581592427666 1.00539118758456 1.08640547948564 1.09135327716352 1.07666373991671 1.07229057994181 1.06046578181053 1.09938292480455 1.07955019557157 1.07031857602023 1.09369606031917 1.04826870556162 1.06487522192091 1.09128450881163 1.14912234753867 1.08278648668738 1.06863691549541 1.05412744991449 1.11454939241727 1.13421235404054 1.05584461889226 1.08170006845675 1.07880198128275 1.04983012722734 1.02926510614655 1.13223597970743 1.0512963094398 1.00160453772713
"frmod_fr013" 0.960689485206757 0.984973635203384 0.955710557314772 0.9872757910324 0.901345184637394 1.01590705014467 0.997561315168716 0.818363466067439 0.843808158572963 0.805602477015338 0.843472872439191 0.753610830880346 0.775921860075173 0.850337529187902 0.812919215626766 0.794696800861241 0.809394457338326 0 0.857689068644655 0.805243586467628 0.852163733928855 0.811419429677746 0.798461360640194 0.842405353160186 0.829477861540142 0.914857134441407 0.886542452908192 0.890528622672495 1.06700610995162 1.08777080503239 1.04705640657249 1.08033711698312 1.04041399535783 1.07065554678008 1.09325276024223 1.11551602405963 1.07606358106539 1.04762613556128 1.11289570902577 0.98725774066823 1.01645883294082 1.07242094880842 1.08330058388222 1.07784034153968 1.05102829253812 1.05563782175078 1.09997470534745 1.12017921918705 1.08593694849217 1.09029082267427 1.07991552888752 1.09919880675985 1.0877491128406 1.06336351576892 1.0864724716368 1.07078025895879 1.11692155641116 1.14090378999917 1.06280728290445 1.0982549913924 1.0767182023488 1.0762673409152 1.07053059286847 1.07583021654533 1.03469268395195 1.02529772314803
"frmod_fr014" 1.00184961532402 1.00436301929569 0.95955074291555 1.01680196415487 0.964785300708506 1.04012363062405 1.02323393710835 0.836525379616382 0.921916214215749 0.860752943114298 0.866796089558898 0.836658565113196 0.931481494230574 0.931914593684855 0.833167475534113 0.824337751478659 0.8136933531863 0.857689068644655 0 0.816186827020894 0.828077687686956 0.857713481775465 0.849590470401329 0.816500587183592 0.899456738364749 0.944207260925443 0.884761976696343 0.951643912982654 1.10894839353164 1.12079275974911 1.05554222828553 1.13253327794135 1.13253478566786 1.10230106768069 1.11295357906207 1.15588143234338 1.1498091298282 1.08242049663457 1.1448533343846 1.12119160112467 1.14523061658664 1.15184347250195 1.11871786845362 1.0859612905034 1.1292298857632 1.13340638479929 1.15956901961014 1.1500834696357 1.13342864119828 1.13056371158535 1.13759861404812 1.16079374258593 1.22046599256625 1.09905101277626 1.11760940005061 1.08407492765301 1.19731833368352 1.18095605531587 1.13872601187654 1.12108798594209 1.14954493767633 1.0938457387742 1.13006436551002 1.18877702696715 1.08896554080409 1.08026464237894
"frmod_fr015" 0.98449527545197 0.968365570765669 0.982960926390529 0.9891410936212 0.917126888848828 1.01770078935208 0.968465657795356 0.866824370480223 0.914632740000562 0.879754419803147 0.887659242282722 0.811463756256964 0.881076227923794 0.95088934665381 0.917886408421782 0.792536163640423 0.814569443810631 0.805243586467628 0.816186827020894 0 0.829660205670432 0.873074417062441 0.823938548558347 0.81119960873853 0.876962275529419 0.911386480905136 0.873902187226915 0.872439770976549 1.12016966579231 1.11645419564873 1.02006462927904 1.12714465614633 1.08415220930968 0.805008489392533 1.08914115411234 1.09269060170601 1.10333533274146 1.07116430822866 1.08665470327777 1.07213876826935 1.04778533464244 1.08191980966581 1.01875866382724 1.07022960576125 1.0770976224789 1.06025938760167 1.09455852350815 1.11252190944921 1.09452938343707 1.09216299669079 1.09543461146179 1.10342260857693 1.09423426036226 1.04393302012359 1.08853905533501 1.06414710760426 1.11538242333024 1.14654998899058 1.07015443380817 1.07357670755425 1.09275004536292 1.01854051272713 1.06646246604828 1.08114004699162 1.09410923745101 1.03733484277093
"frmod_fr016" 1.01491665165634 0.997952058143293 0.999785131950927 1.01334123446382 0.996674873463826 1.01683158736992 0.478587905782804 0.89372141915065 0.915717691439454 0.898701496937044 0.88458121216661 0.869078344706778 0.921096630343664 0.939114220494286 0.921426662418301 0.824382518596883 0.850271894421621 0.852163733928855 0.828077687686956 0.829660205670432 0 0.819200475368414 0.862828066565919 0.876320090967052 0.870711104578113 0.934105235795062 0.910212795300586 0.88283729115014 1.14809163274159 1.10615403051669 1.09557858138944 1.14424318690118 1.13673306911131 1.14635836979808 0.826759266240448 1.1352123803924 1.10857031468167 1.09773747680378 1.10456158388796 1.0607121455429 1.0742136072102 1.06988215017295 1.12265761940427 1.01237589913931 1.09097871425376 1.07032577099114 1.12620031093403 1.11685743120525 1.11203974930083 1.10516105919862 1.09330166362104 1.14800448105934 1.15929921267549 1.0688141916602 1.08679311177018 1.08397160635042 1.15950713672239 1.1380649350717 1.10445427118187 1.06457876684424 1.12635243938644 1.02910296904462 1.06934760026433 1.13367404977528 1.06823234202704 1.10643047899383
"frmod_fr017" 0.976784783693009 0.971721629642312 0.946419471373899 1.00093722734021 0.971345638603851 0.951990753623987 0.971033271151232 0.839957430733743 0.865719995561395 0.872547203274431 0.859251582375365 0.878120961689662 0.904678003657537 0.927201326723487 0.876573293251364 0.810211664306088 0.847575539679234 0.811419429677746 0.857713481775465 0.873074417062441 0.819200475368414 0 0.791661213201558 0.824170331884107 0.897084751111737 0.985078163361941 0.910225670066805 0.857641185224182 1.13008491306128 1.08906821391827 1.08196133613048 1.13832795387048 1.14525540006295 1.14972182500339 1.14114300741471 1.16921333068201 1.15950017573106 1.07076111622597 1.15656783594704 1.10396794391378 1.06512954375454 1.09309940694742 1.08352320412714 1.11616442772173 1.0750769271792 1.05526545794296 1.12609750063049 1.13835997180013 1.1364286048043 1.10502326872052 1.14767141069457 1.14644495010388 1.16435908164905 1.1180400060549 1.159680009755 1.06781857931898 1.19192720553845 1.21702308629142 1.15327291895914 1.11636968496266 1.10180594114359 1.09840135538639 1.0914408245935 1.10508393516843 1.0927455311304 1.07615857332547
"frmod_fr018" 0.991963314085474 0.98691336889464 0.947539772194586 1.00091123463678 0.890767462262772 0.976180436187786 1.03101038185013 0.839948810674733 0.887349935999583 0.837395656088283 0.887527996152272 0.81171998102624 0.881316167936757 0.828184204453115 0.873668075437768 0.812931463057435 0.855668290853654 0.798461360640194 0.849590470401329 0.823938548558347 0.862828066565919 0.791661213201558 0 0.842381634349276 0.894304110776486 0.956809738826926 0.901138453933623 0.938744310449331 1.10448183974034 1.067094148069 1.0245311185946 1.1351275995618 1.06172343062792 1.09418787645625 1.11053718073115 1.12992191473046 1.10991926362385 1.07918538851995 1.1431203754249 1.05749444114977 1.11070872636817 1.09416721031626 1.08557962564569 1.08222223219079 1.07319913948863 1.08646790195398 1.15742718710798 1.14332982561158 1.11987671262664 1.11677216193827 1.12422722621607 1.12980295433496 1.12689505698269 1.09563668709619 1.10910423060472 1.09131366794186 1.17317447501789 1.17022924652578 1.09371844064947 1.09536996840375 1.08961630011038 1.08604701365736 1.13527163736514 1.06656754796786 1.07108029414117 1.0774514235299
"frmod_fr019" 0.98430372763611 0.968996996421509 0.964741476914123 0.933402127898784 0.927818949266533 1.02315791193935 1.03259601926733 0.8319572087796 0.857015340526632 0.832581939707359 0.796947613819983 0.785002713145955 0.932080284688986 0.959150545955997 0.859413688380004 0.825785575363531 0.79192297508771 0.842405353160186 0.816500587183592 0.81119960873853 0.876320090967052 0.824170331884107 0.842381634349276 0 0.915044289556462 0.879458984034998 0.866264874468473 0.890822766614939 1.11594723825111 1.09493502631747 1.0597243354796 1.11311331009748 1.09081440674659 1.08917540758151 1.13290357617455 1.14923088018974 1.1608861509986 1.08017055547342 1.11227380606557 1.05242386892264 1.07371674486979 1.14434395943323 1.08369983344319 1.13156252012722 1.09860025710955 1.11058062475586 1.09399542944333 1.10588726624152 1.1137360274079 1.09550509386702 1.07722404724528 1.03641654264432 1.18188745263845 1.09117719848703 1.08441267825117 1.10475404101398 1.13932310391266 1.156592482211 1.10258694999044 1.15920224780944 1.11696791042619 1.10043115222269 1.07656061395196 1.14884962594114 1.08400855375164 1.03467045300155
"frmod_fr020" 1.02648126116147 1.05166842689556 1.04737153125232 1.04574338106439 1.01849449915891 1.06740822754712 1.01442721331295 0.895856708008114 0.914383127523254 0.923682009912154 0.95940858291637 0.880006180375005 0.828172787875029 0.854974630967849 0.90890190744284 0.824063305949852 0.903326209138939 0.829477861540142 0.899456738364749 0.876962275529419 0.870711104578113 0.897084751111737 0.894304110776486 0.915044289556462 0 0.970523080443809 0.956940413706177 0.910375456706972 1.14845927467144 1.17222304816898 1.1569291343155 1.18925886052648 1.12824618845286 1.15067303809145 1.12912829890258 1.15272282928034 1.13083334038381 1.15727694399617 1.1590305538941 1.09804011678191 1.13656792685941 1.17950466231899 1.15423284535898 1.11793674070505 1.11009888507688 1.11730583848336 1.16005860120832 1.13349769552979 1.15384228399799 1.1121396495144 1.18231263952241 1.23109240794637 1.15891308989749 1.09777078746108 1.17511994705366 1.10210829158995 1.13979520679658 1.16448256086964 1.07126801865149 1.10865218739049 1.1124891635082 1.07046698405896 1.11735921385923 1.12163742853371 1.10678870970864 1.06736921327083
"frold_049" 1.02668664844534 0.994363270994903 1.01267718218579 1.00133548749684 1.01403667275635 1.11089889553767 1.05487034652804 0.899279992850629 0.936570091529949 0.933334770743884 0.903041711263742 0.907046724953155 0.993988461313073 1.01805352337629 0.973427516229605 0.931669351419748 0.847023175764213 0.914857134441407 0.944207260925443 0.911386480905136 0.934105235795062 0.985078163361941 0.956809738826926 0.879458984034998 0.970523080443809 0 0.884774960632805 0.857007153670749 1.13173265153037 1.12800466742687 1.12253284312457 1.15122288679902 1.14623113251643 1.13230535345502 1.15147066431978 1.21231817719409 1.19394931948106 1.15116498663434 1.10873208704823 1.1312525822032 1.14078946727932 1.18828707217435 1.14214303323716 1.15885726379902 1.08776476924338 1.15075574351488 1.14347609887653 1.12036496670165 1.19769738094597 1.09409703074527 1.13653309857 1.13072044313809 1.17280930846506 1.10302267465145 0.906205680103005 1.1251654937422 1.11599003802615 1.17507169413361 1.10838867902189 1.14952538826789 1.11410602823056 1.04014079210332 1.05444945292916 1.12910320871294 1.08087836071738 1.04830723719874
"frold_fr012" 0.883842520894506 0.88095307393684 0.902558199551128 0.874651317467013 0.921387768295528 0.980609467250851 0.93459887188761 0.879527076280953 0.90829730513717 0.885232050895432 0.871488289756445 0.893761120624174 0.994459578114012 0.990910153495453 0.863677286849783 0.871561724524063 0.283230803318898 0.886542452908192 0.884761976696343 0.873902187226915 0.910212795300586 0.910225670066805 0.901138453933623 0.866264874468473 0.956940413706177 0.884774960632805 0 0.864911233790347 1.06259032757468 1.04483401977481 1.03055707144417 1.05562341168672 1.07832602507644 1.06414083629331 1.07180372438337 1.12143611632374 1.12300429652597 1.03926459151115 1.05767649871569 1.00265802050757 1.07483059493125 1.06830547048999 1.06795286960667 1.05672946208363 1.03694079964552 1.08211010763159 1.05742746029391 1.0444840283485 1.09176920300695 1.03607433645202 1.04529847011585 1.07376856241515 1.14241537384291 1.08108903048282 1.04606165702648 1.04525745573006 1.08195814683544 1.09511095183578 1.03052645936696 1.08032029982071 1.05980099910783 1.02288323419653 1.0134078355689 1.1109021107714 1.03838971299714 0.982346789994184
"frold_fr042" 0.989538398037341 0.977777295102192 1.01963188208055 1.00595591340012 1.02005441900147 1.07114147863478 0.998836697801516 0.90507740899075 0.921332524755835 0.96181592144552 0.93711238686576 0.881178691868276 0.966919469728509 0.942902583649518 0.938974364916064 0.893620004027806 0.81449520188626 0.890528622672495 0.951643912982654 0.872439770976549 0.88283729115014 0.857641185224182 0.938744310449331 0.890822766614939 0.910375456706972 0.857007153670749 0.864911233790347 0 1.18719167662964 1.14001770581356 1.15417438083063 1.20519055669863 1.16259291953494 1.11973067926471 1.12550700339293 1.22167984417366 1.17231519011944 1.13188097077912 1.07981841349282 1.09287980429505 1.12831622954927 1.14314088738265 1.10979969737713 1.14897604384278 1.09722053320375 1.08846838106028 1.14960851637124 1.12332483893261 1.18129853706056 1.05889404172284 1.14068978887634 1.15171786474048 1.18354866454806 1.15054154463238 1.12582820757971 1.07297530897993 1.09213714779051 1.10342757196347 1.05200975993843 1.14410585369076 1.07595249375641 0.994756582381243 1.03594198940344 1.10749499889838 1.06144953631827 1.0416749661275
"qu_fr001" 0.837653786503219 1.0186330310058 1.00712124408987 0.995117318045982 0.968171960024748 1.15029241178663 1.1607749115648 0.878041443829205 1.06029797303619 1.01734767961636 1.020790251075 0.990293116271252 1.05935884641363 1.13477028746878 1.07997289224539 1.03097594460543 1.06961744689704 1.06700610995162 1.10894839353164 1.12016966579231 1.14809163274159 1.13008491306128 1.10448183974034 1.11594723825111 1.14845927467144 1.13173265153037 1.06259032757468 1.18719167662964 0 0.937658536254953 0.9280023351728 0.794269057171219 0.938449291598415 1.0866338744476 1.04538482747615 1.09013908303 1.09034263992871 0.957409300961019 1.03014679579141 0.948300208649853 1.04224848588726 1.07534779843135 1.04374118633923 1.01674356373238 0.994487133280114 1.1045150068012 1.03479482055099 1.03441190094344 1.0697327082055 1.03679277278786 1.00312505469042 1.02560409418466 1.13662518037089 1.04423277476338 1.01867333588962 0.980417929985905 1.03192195072535 1.07346531996174 1.07181541969453 1.01861739773712 1.03483373343995 1.00296026577808 0.995564448676165 0.999145672520014 0.957820472289035 0.969026552222867
"qu_fr002" 1.01384855071018 0.772013171844676 1.06398289571847 1.01342148564841 1.05421603659147 1.06591038301322 1.09873429631721 1.0313741503752 0.869229765157265 1.08833665903234 1.04293054675402 1.06195733693131 1.1493334466462 1.15323076684278 1.08105496881503 1.07911082354757 1.06235060423677 1.08777080503239 1.12079275974911 1.11645419564873 1.10615403051669 1.08906821391827 1.067094148069 1.09493502631747 1.17222304816898 1.12800466742687 1.04483401977481 1.14001770581356 0.937658536254953 0 1.01074654030138 0.939441118055111 0.990634822437854 1.03980888910914 0.95907374759106 1.03213020177373 1.10229609691491 0.8883348845309 0.987454700342276 0.988088523203714 0.98105084722211 0.991717540592651 1.04646490215124 0.974389481853475 0.937642073433772 1.03080432727498 0.977826505456131 0.993979326290265 1.05045302976291 0.9956597519106 0.923765435395445 0.965329804591228 1.09349322609988 1.02863649918124 0.914815584651295 0.987504578940966 0.972207605343779 1.04934605323658 0.993024388821698 1.02418185092792 1.02355957617883 0.96160878635187 0.949837307773019 1.03308218259576 0.962900190321224 0.965365709640873
"qu_fr003" 0.998050411492992 1.05299947679819 0.821321080276196 1.01708159332081 0.969443688731685 1.12943208414252 1.09482396439482 1.0239922587506 1.09784571374644 0.842552055141028 1.04804811156977 1.01556564894476 1.0771801523707 1.14275074165813 1.05001741534766 1.07047658728843 1.0265013180579 1.04705640657249 1.05554222828553 1.02006462927904 1.09557858138944 1.08196133613048 1.0245311185946 1.0597243354796 1.1569291343155 1.12253284312457 1.03055707144417 1.15417438083063 0.9280023351728 1.01074654030138 0 0.979711423606579 0.872607174893691 0.933499161760317 1.01649899085259 1.0012569425426 0.999865301067807 0.953980642516043 1.00138582231725 0.902712922380926 0.971746388473142 0.987022016088537 0.918890090833984 1.0015889956566 1.02374578069651 0.991405861866223 0.966703943957038 1.05756917950468 0.924137281025756 0.952820760209556 0.999853425665597 0.909977459605598 0.985603233980342 1.00070038848969 1.00343605884758 0.969190772856886 1.03165643349225 1.08173483420595 1.03239089925409 1.00365866925395 0.997591605798546 0.993428512497571 1.00287799820645 1.06101127638053 0.965072339407078 0.999787395262675
"qu_fr004" 1.04377084700888 1.02995451906921 1.06624774693156 0.853221572680162 1.00813188742602 1.16446195095509 1.14774729660645 1.04176218756657 1.07295235932705 1.07491047769726 0.875390032103953 1.03674174735958 1.1093072129258 1.17892705599898 1.08741875358892 1.08749355878312 1.07184190276174 1.08033711698312 1.13253327794135 1.12714465614633 1.14424318690118 1.13832795387048 1.1351275995618 1.11311331009748 1.18925886052648 1.15122288679902 1.05562341168672 1.20519055669863 0.794269057171219 0.939441118055111 0.979711423606579 0 0.964923586610254 1.09299353384542 1.04395068114837 1.08033152450057 1.1267701552737 0.959179446997196 1.04880681521998 0.995714620167056 1.04968698839793 1.05264359316197 1.07808213992874 1.01908885081065 1.0148539932619 1.09656535627424 1.01507451388841 1.04601373406455 1.083234045508 1.08009032982058 0.936396287132094 0.947693762734285 1.15736448042722 1.04360783534028 1.0260695367366 1.00625885226798 1.06741945495946 1.046661493119 1.08023648036628 1.1117222954802 1.07254987059377 1.06294566348089 1.03551255967648 1.03513348747659 1.02083461558817 0.965994434961642
"qu_fr005" 1.07237478453042 1.09446808901977 1.1233636521836 1.06468862055038 0.836745809539271 1.13807765100854 1.1564264997151 1.07857429274348 1.09093356206673 1.11074011304117 1.08240538890824 0.885738370846374 1.03934210334831 1.13859575638174 1.11240949052973 1.0511035053586 1.09607997008095 1.04041399535783 1.13253478566786 1.08415220930968 1.13673306911131 1.14525540006295 1.06172343062792 1.09081440674659 1.12824618845286 1.14623113251643 1.07832602507644 1.16259291953494 0.938449291598415 0.990634822437854 0.872607174893691 0.964923586610254 0 0.88959410558621 1.02821116030665 0.992648362269211 0.987600737837621 0.933006999053824 1.03726857786743 0.865628608663013 0.907327966761852 0.978945254638211 0.867171910259795 0.982947067522186 0.950919945747652 0.939895436307518 0.961174260666751 1.02610968019093 0.931716080232431 0.933132896795576 0.981395081118873 1.02567003131768 0.958133622251872 1.02611534279717 0.985952789439461 0.966188831137975 1.01537405716113 0.976138142012772 1.00066050800837 0.99916414239175 0.995953818892961 0.987324908038002 1.03658794876931 0.981145196779926 0.968985301495928 0.938477243259391
"qu_fr015" 1.12550557231437 1.08325486572365 1.1319887151128 1.1184605404605 1.0466860869612 1.16709178173194 1.11270030925389 1.13203927927534 1.10069783060074 1.13031608395765 1.13895119798815 1.06838062226141 1.12602108892383 1.21187482370341 1.17605094112512 1.09361050912422 1.0835869894266 1.07065554678008 1.10230106768069 0.805008489392533 1.14635836979808 1.14972182500339 1.09418787645625 1.08917540758151 1.15067303809145 1.13230535345502 1.06414083629331 1.11973067926471 1.0866338744476 1.03980888910914 0.933499161760317 1.09299353384542 0.88959410558621 0 0.998009460526157 1.00193525474204 0.958506494956732 1.00105768854416 1.00287030703364 0.902587826577006 0.905906149264299 0.998137851575943 0.891335068894503 0.991209676200321 0.978232789714422 0.951628023107182 0.974986701323208 1.00102700167122 0.932379735998872 0.918963518277532 1.0256460401812 1.03589677729784 0.975016176203683 0.99305322360359 0.993548222666355 1.00751056760148 0.98260086459675 0.997517255366633 0.966435863483579 0.997830355886108 0.99501571797143 0.98008796249136 0.997285838202731 0.98055317884175 1.00520002640122 0.973094196802671
