"bg_fr001" "bg_fr002" "bg_fr003" "bg_fr004" "bg_fr005" "bg_fr009" "bg_fr016" "frmod_fr001" "frmod_fr002" "frmod_fr003" "frmod_fr004" "frmod_fr005" "frmod_fr006" "frmod_fr008" "frmod_fr010" "frmod_fr011" "frmod_fr012" "frmod_fr013" "frmod_fr014" "frmod_fr015" "frmod_fr016" "frmod_fr017" "frmod_fr018" "frmod_fr019" "frmod_fr020" "frold_049" "frold_fr012" "frold_fr042" "qu_fr001" "qu_fr002" "qu_fr003" "qu_fr004" "qu_fr005" "qu_fr015" "qu_fr016" "qu_fr021" "qu_fr024" "qu_fr025" "qu_fr027" "qu_fr028" "qu_fr029" "qu_fr030" "qu_fr031" "qu_fr032" "qu_fr034" "qu_fr035" "qu_fr036" "qu_fr037" "qu_fr039" "qu_fr040" "qu_fr041" "qu_fr043" "qu_fr044" "qu_fr048" "qu_fr049" "qu_fr052" "qu_fr053" "qu_fr054" "qu_fr055" "qu_fr056" "qu_fr057" "qu_fr061" "qu_fr063" "qu_fr064" "qu_fr065" "qu_fr066"
"bg_fr001" 0 0.783123563284441 0.733636370532773 0.763296812640694 0.848343818493589 0.978785469313107 0.998719696067985 0.583478671706822 0.938795593372638 0.85228553389908 0.878373877803109 0.914469613118361 1.00379899399073 1.01207454185887 0.977198311927265 0.931450957065854 0.955450722397497 0.95310194766739 1.01387157693445 0.993304993648318 1.04234986601589 0.971594229083985 1.03664086753866 0.98151898802701 1.05927781150962 1.04110914127188 0.900949635217338 1.01549202958898 0.854867199436621 1.04842264442785 1.00242869211928 1.06284646028636 1.11429794937865 1.14671386778399 1.18238667745454 1.18677910860733 1.17213098070286 1.07495662321904 1.1422887596068 1.08685665976954 1.12475906127666 1.11071937267414 1.10379006763181 1.12909009406882 1.04479096449609 1.17305261233778 1.12285115588073 1.13843762791402 1.10897062365687 1.11738441246106 1.10364628227534 1.10042496648753 1.19036414529497 1.09742889215863 1.13692903879001 1.02633954649894 1.14166250192928 1.21199209300069 1.09716723979295 1.11203830825111 1.10057118972154 1.07998100010246 1.09681017778026 1.09330364487009 1.10428890579924 1.04312224675103
"bg_fr002" 0.783123563284441 0 0.807221995631017 0.790649828086372 0.873693441740869 0.898696302192579 0.950912378356691 0.953165126114393 0.594857770908613 0.942550151539169 0.901149424395472 0.933504445707509 1.06862457339414 1.05832854852957 0.986985519220084 0.953049957745682 0.959504899312687 1.00171588412948 1.01855649076786 0.996048123780107 1.04016226250334 0.982670006492522 1.02139266165526 0.967255207262535 1.0931882703297 1.02303614003074 0.914295615265187 1.00976513214045 1.03773149907929 0.782313926028169 1.07139635212003 1.04713380695556 1.13296238154806 1.12030449939354 1.12652533885284 1.19074142351673 1.23074976730914 1.06163003348033 1.11456872178268 1.08465502364685 1.10508289570043 1.13813414415714 1.13493932221876 1.09938682614055 1.03805997227341 1.13260020125028 1.14215543526688 1.12551119493543 1.15106407198468 1.08740071810899 1.07767785599375 1.11978247705816 1.18206414759052 1.10507604501702 1.06530296329486 1.039435312422 1.10803680782288 1.15240068201451 1.06871194618478 1.20339496341709 1.08515113756482 1.08885986293284 1.08015092283725 1.07102688326428 1.0723981116594 1.01897058603862
"bg_fr003" 0.733636370532773 0.807221995631017 0 0.759571237244907 0.904144428674255 1.00510821506 0.967021942003898 0.885549880125074 0.952862300407274 0.547877798481538 0.891678582490175 0.948494123000322 1.05259181167068 1.04598829838394 0.980808355100353 0.988017055745887 0.943406649990627 0.968107950730982 0.973019606571705 1.01983921591976 1.02787700763878 0.95155272694271 0.977107203149925 0.962781903139298 1.08775604768575 1.02075243092032 0.91325982607977 1.0398523638502 1.03351491861538 1.0793336099107 0.843445208905306 1.09726139854063 1.1679903659301 1.1762796288496 1.13906135206507 1.19636878818976 1.23904524134285 1.07814917443277 1.16486020792767 1.10483066794661 1.16658723591143 1.11741015070361 1.14381810112929 1.10969795135408 1.14657331210205 1.18410734441199 1.10973797530854 1.15927079878672 1.14008202842325 1.12780958089738 1.14387600414914 1.10897779670862 1.2051641715192 1.06400723734204 1.13522549353607 1.04062593845321 1.19602486777613 1.20194545373215 1.10637175153479 1.16616340158798 1.10747982386588 1.07972058287697 1.14540540006068 1.14767775604159 1.11234650738825 1.06166459573138
"bg_fr004" 0.763296812640694 0.790649828086372 0.759571237244907 0 0.853461627508078 1.02593563454128 0.971621890332204 0.928329581464354 0.964382686336692 0.926947238580693 0.49456095485178 0.94818016285527 1.0844698156444 1.0881758304427 1.04262744395504 1.00606988579205 0.962776473704544 1.01543251605408 1.03640868408755 1.02426562235781 1.06006320476073 1.02921143610904 1.05997456502866 0.936180607518008 1.09212690358598 1.03726783225997 0.902161994704109 1.06391434215647 1.01208833032077 1.03090770710758 1.03825493996242 0.885992952042714 1.11692400479793 1.18058411100618 1.15873393181879 1.20932478609381 1.22280550748136 1.07608790993673 1.1286745720204 1.07900345066343 1.15981550170196 1.1091216922492 1.14812947025266 1.10535921761082 1.10094374896602 1.18798099424222 1.10593446373678 1.12836622170737 1.18065049732069 1.14819939400208 1.09038807082955 1.08941082139468 1.25835741427573 1.11946452079165 1.10848454513529 1.09217424294503 1.13950347502902 1.18453890649348 1.13532814189092 1.20422944904348 1.14861976902463 1.10066038207539 1.12881146877924 1.16048573569171 1.12639379942393 1.05326877140019
"bg_fr005" 0.848343818493589 0.873693441740869 0.904144428674255 0.853461627508078 0 0.899906790030059 0.970286886253966 0.931999325365916 0.990441258275767 0.9483719694459 0.948912384864675 0.598179116565252 0.92485424671287 1.01410252735411 0.989173824658983 0.915988227140882 0.980292196288657 0.903091184651643 0.973687774383752 0.933846175315569 1.02514115959432 0.977874620911102 0.925105444306312 0.913084612196093 1.04245614562381 1.04509652118599 0.958150738539174 1.06195734076542 0.974227790949233 1.0849984358942 0.957403573159063 1.03156800096512 0.870814200179429 1.07450743938021 1.08980254713777 1.12111369110508 1.14297642348445 1.07006109506011 1.14414151385547 1.02404710110907 1.05929277546857 1.06990630761316 1.05517970851918 1.06038883258983 1.06363001644488 1.09639347835395 1.09048302358245 1.16615191822025 1.0307305234867 1.09835625887065 1.10773600102667 1.10314435959194 1.10527752904842 1.03233429167887 1.07282505104827 1.00411316114229 1.1227723673524 1.13710545252944 1.06640691198574 1.09702580393003 1.06912380479263 1.02764956215166 1.11972382142757 1.05507616417879 1.05296625171544 1.00388021541363
"bg_fr009" 0.978785469313107 0.898696302192579 1.00510821506 1.02593563454128 0.899906790030059 0 0.995998312593478 1.0681617695265 0.993144938294188 1.0699315713324 1.10458153908864 1.00231341400733 1.04384492568823 1.02829650781632 1.00417425860127 0.940376219946819 1.02535968517009 1.01564276921854 1.06036050695593 1.04582716934453 1.05695036021696 0.962650873284929 0.999240717875612 1.02350642625125 1.10071635189107 1.12939053874673 1.0075966950921 1.08490531220159 1.17948221494646 1.08764737788675 1.12828870600445 1.18019659881109 1.15915403010901 1.20846432408638 1.20735561052731 1.21533443530197 1.22501974691316 1.11644039549169 1.23210374121393 1.1528670495769 1.11513042258449 1.17149439697257 1.14908396992344 1.20658287864443 1.13080893922316 1.12540948996388 1.21033501181405 1.19136745781666 1.19744257184042 1.15591575494271 1.17415276452295 1.17788265483155 1.24295924403097 1.23400011463675 1.17451065392143 1.17007260911622 1.2331955290372 1.2097856583702 1.13043261744228 1.22923906288433 1.21775570635937 1.18939343197489 1.16015911804029 1.17515744608077 1.11275005910147 1.12256603708726
"bg_fr016" 0.998719696067985 0.950912378356691 0.967021942003898 0.971621890332204 0.970286886253966 0.995998312593478 0 1.09598936950716 1.0718103073322 1.03385898249028 1.08564288155113 1.07564821266301 1.08661311664741 1.13904472648322 1.11460512733321 1.00615676360572 1.02474308656704 1.01830567369702 1.04203492533939 1.00148081665953 0.489031445482247 0.990090145416597 1.08419131741951 1.02922023676994 1.04687271125034 1.09439028272384 0.99248997875962 1.02815934540619 1.19980062506421 1.14551726244635 1.11225954464415 1.18493432335533 1.19081551069489 1.15791651541902 0.789613696841896 1.15489368549683 1.19418707418995 1.11923798954528 1.13231510434022 1.11306950193928 1.10933553578062 1.09478876115263 1.14638024116359 0.992009805216172 1.09366090793213 1.11017308748987 1.14103452653039 1.16348577260156 1.1283088578765 1.12690241228065 1.12101787671638 1.16519140968043 1.18588848411349 1.09437028434994 1.07809138558089 1.07692448272619 1.18198727422204 1.1273110686468 1.09825466127078 1.10626767558827 1.14491652757635 1.03818084830675 1.07259167747187 1.15748657327843 1.05648655019696 1.11421733080679
"frmod_fr001" 0.583478671706822 0.953165126114393 0.885549880125074 0.928329581464354 0.931999325365916 1.0681617695265 1.09598936950716 0 0.826754172719981 0.731302886044992 0.752822363421884 0.763050330345865 0.846311464697311 0.904998682926841 0.813901438134577 0.76477668380263 0.828463813976196 0.805708044142046 0.85317224562656 0.882679074829619 0.929628810154477 0.856695180792949 0.870381199295675 0.837919173530213 0.923450856196615 0.923421728808311 0.90239160426953 0.924132703744171 0.886959690347134 1.05798284614918 1.01729130455724 1.05257360004755 1.11357178208129 1.15942453453413 1.16186765811326 1.22585481598099 1.18160894775299 1.07966686123086 1.16216402861693 1.09220821082147 1.11799133328726 1.16220205576655 1.11039196899092 1.12781197212119 1.07854720757303 1.19458800118636 1.14327817608362 1.15029136032574 1.13266469049929 1.09291863756134 1.11390542282813 1.09080367448286 1.20594173853283 1.09703348265887 1.14973052625627 1.07784578442888 1.15308580794169 1.22123538865798 1.08946113467005 1.12508512793675 1.13639199031305 1.09111446553737 1.117518264361 1.11732559280448 1.09632693532025 1.07821134003312
"frmod_fr002" 0.938795593372638 0.594857770908613 0.952862300407274 0.964382686336692 0.990441258275767 0.993144938294188 1.0718103073322 0.826754172719981 0 0.798634450888336 0.839122511707942 0.815400293470854 0.922313228980645 0.920099026054454 0.824654486551404 0.8389590068975 0.885229738621592 0.843916760376239 0.936138573191962 0.922572170344727 0.94769662830648 0.876262010071113 0.887797081940875 0.839666281353257 0.935532133003695 0.952823283653958 0.938023661308553 0.923906544008666 1.08366533137536 0.868960041900646 1.08008526484209 1.09350348891581 1.11178750018224 1.11478934367314 1.14303525084312 1.20815887049019 1.23225561271603 1.06949685834873 1.15621818656742 1.070236461113 1.08958848009374 1.17043225190836 1.11238809581427 1.13700453313801 1.0610759079317 1.12571634873446 1.17779772289684 1.13362943717645 1.14487836339912 1.07407783720685 1.0867461179035 1.12867675588274 1.16167435092111 1.12834548669055 1.08876271769444 1.07158861477584 1.14048981356213 1.15833404218369 1.06786807260082 1.1837587541608 1.08751334563505 1.07396855262142 1.09581610583172 1.09649579141509 1.09479672222329 1.05493734292181
"frmod_fr003" 0.85228553389908 0.942550151539169 0.547877798481538 0.926947238580693 0.9483719694459 1.0699315713324 1.03385898249028 0.731302886044992 0.798634450888336 0 0.781900260408903 0.799562321702118 0.918842789765261 0.933899651170899 0.822143247020304 0.852423160123243 0.813416446433519 0.801556688982781 0.859997848810864 0.896267282575998 0.908730599913978 0.86200396058145 0.839377705033559 0.81070188675039 0.94523555726041 0.917266535887016 0.880306239686743 0.964803086214667 1.00345084978769 1.0840610276488 0.832546404795047 1.07086746647852 1.11926060856951 1.15029983203068 1.12514622797163 1.1598872421218 1.21967985860195 1.06125042738946 1.15660792086255 1.04900725851321 1.12564168899673 1.12563753097229 1.10639653633132 1.08076090586248 1.12701527280295 1.15043926656657 1.10340523374901 1.1380807130744 1.0917448881907 1.08136692621745 1.09882589859284 1.0627918107527 1.17454347164408 1.05938153657013 1.10158081611445 1.04217561478025 1.16336828689327 1.16259323058364 1.08287103071969 1.12545895212879 1.10297280093447 1.07155010318693 1.1185488115896 1.12866685517087 1.07816735096609 1.07256853971709
"frmod_fr004" 0.878373877803109 0.901149424395472 0.891678582490175 0.49456095485178 0.948912384864675 1.10458153908864 1.08564288155113 0.752822363421884 0.839122511707942 0.781900260408903 0 0.800229606088035 0.94905315809898 0.960971122985506 0.864668156585636 0.855322998326257 0.823471640734214 0.858086021112845 0.87763094077707 0.908676287856311 0.929294114738375 0.885645197808893 0.911458231993059 0.783333091120915 0.984343357292871 0.932659067965163 0.882903771606523 0.976783092818223 1.01528148596112 1.03741115042143 1.02923329686737 0.885024004844535 1.09789325743054 1.1752077648201 1.14489950683376 1.20212621515584 1.21806264364265 1.06297088064393 1.14713567224123 1.07674154239769 1.15465535111357 1.14544210111239 1.13238483296632 1.09962319578441 1.11760493971807 1.19240811625143 1.12054820761916 1.14851956826724 1.18115967221692 1.15109476174592 1.07634795652573 1.09176175771774 1.25794160889889 1.1207403630024 1.12091376823468 1.1145048066753 1.17546394173415 1.19215262191274 1.15497263640269 1.20511092354104 1.19823840138861 1.1397533192766 1.13534155833855 1.19465323022366 1.13400930250165 1.09161770755061
"frmod_fr005" 0.914469613118361 0.933504445707509 0.948494123000322 0.94818016285527 0.598179116565252 1.00231341400733 1.07564821266301 0.763050330345865 0.815400293470854 0.799562321702118 0.800229606088035 0 0.794089012843861 0.822176859650739 0.82604177335341 0.759645648723515 0.861521700046177 0.762574226721432 0.849666507298585 0.834136075263392 0.885034154665511 0.88300422215562 0.833164962949584 0.770068431460846 0.898061422612097 0.917793041267068 0.922633276346275 0.912194410949024 0.988799305697706 1.0743279018384 0.980041915900875 1.05516161159495 0.90582689916583 1.08962042168585 1.11215882112349 1.14967996547528 1.1494104367662 1.08575063314024 1.12659354369735 1.03017758489941 1.04673225145688 1.09574720309684 1.04799425975358 1.08851342550966 1.08252997841397 1.11591899330827 1.08989168819956 1.14816484384918 1.06676269540809 1.09672997730681 1.08741219686514 1.08121569906074 1.12124847545128 1.06199375196285 1.10782497402529 1.00268256004544 1.11684446167604 1.13732587110516 1.0363325735401 1.11522929352828 1.07245094212854 1.04589533568308 1.12814989746464 1.05935353115898 1.08209841469964 1.00252279302319
"frmod_fr006" 1.00379899399073 1.06862457339414 1.05259181167068 1.0844698156444 0.92485424671287 1.04384492568823 1.08661311664741 0.846311464697311 0.922313228980645 0.918842789765261 0.94905315809898 0.794089012843861 0 0.846551369641689 0.901358951835684 0.774315914707784 0.987555197832533 0.776767681035513 0.932109034510942 0.900787791036515 0.941846762624054 0.896883375381603 0.879319301535399 0.919921220324427 0.833850996864384 1.0102908541194 1.02432933172786 0.990582696729877 1.05736933838463 1.17391932221987 1.0799617789643 1.12574476604933 1.05687324207223 1.15374386956329 1.13060241364975 1.13671808884916 1.0615513588267 1.1862449170814 1.16566618409679 1.06661143311493 1.11711249516246 1.13109611270206 1.11645204331777 1.12404002246252 1.11032866136037 1.09543155607836 1.16434839853675 1.20857374547765 1.15126598415841 1.13605461035432 1.15209471927418 1.17499314145997 1.060996117954 1.07293103414183 1.13054710978219 1.07477081696844 1.1527804875136 1.14409276475012 1.01430319310487 1.09484238379511 1.03575048953951 1.08799440015856 1.16111879788691 1.04446660568202 1.08666603020566 1.09525008082741
"frmod_fr008" 1.01207454185887 1.05832854852957 1.04598829838394 1.0881758304427 1.01410252735411 1.02829650781632 1.13904472648322 0.904998682926841 0.920099026054454 0.933899651170899 0.960971122985506 0.822176859650739 0.846551369641689 0 0.858634865252224 0.849963272998393 1.009622597687 0.857710612094158 0.930273961922505 0.984448887549502 0.970329935958354 0.919974033030795 0.836295313024716 0.949926560184071 0.881020713836911 1.04980625091198 1.02430895951933 0.982486028113701 1.15794663586368 1.16933871066023 1.13380889956575 1.20088641759871 1.17217472064173 1.26152472016845 1.19600318974446 1.25205724265763 1.20243343579882 1.18154145160968 1.25047502395528 1.17719455940223 1.19013215013384 1.20640326923394 1.19869202901643 1.17098644116729 1.07697062498405 1.16704835389802 1.2369582752391 1.23428000194683 1.2410483429992 1.1992505097723 1.19461556689347 1.2232340996194 1.1984409367332 1.17759622114657 1.24404496001728 1.13403979869077 1.18861529738447 1.19420489319783 1.09776120126242 1.24933205383412 1.16040077399228 1.16361801152426 1.22399822193696 1.08995807831059 1.12350636442461 1.10708587730495
"frmod_fr010" 0.977198311927265 0.986985519220084 0.980808355100353 1.04262744395504 0.989173824658983 1.00417425860127 1.11460512733321 0.813901438134577 0.824654486551404 0.822143247020304 0.864668156585636 0.82604177335341 0.901358951835684 0.858634865252224 0 0.86538492294325 0.832053520846769 0.819109821696527 0.828249539936979 0.93836418716971 0.955529778559628 0.884822577930859 0.882492340276344 0.843517990556616 0.926834798587648 0.979371165563515 0.892767821154471 0.949305312298795 1.09121937790128 1.08476899842964 1.03508079684717 1.10950301705204 1.13163663990081 1.22067900470825 1.17163066045794 1.21211039615388 1.19508425091393 1.0820615606182 1.17753112059927 1.11745172752041 1.16398289603468 1.18252340477077 1.12773225965424 1.17834505062745 1.13517433324114 1.15534370425441 1.19362071737305 1.18980989452167 1.1754784751857 1.1745208733696 1.12892586038472 1.15680609819396 1.20049240205499 1.17009534336538 1.1418291161756 1.12715713810375 1.18411261169987 1.19655640070045 1.10369751086145 1.20662919565705 1.17124520004217 1.14871221869324 1.14686538596903 1.18202521200978 1.10325345831648 1.09567959899148
"frmod_fr011" 0.931450957065854 0.953049957745682 0.988017055745887 1.00606988579205 0.915988227140882 0.940376219946819 1.00615676360572 0.76477668380263 0.8389590068975 0.852423160123243 0.855322998326257 0.759645648723515 0.774315914707784 0.849963272998393 0.86538492294325 0 0.849872193097713 0.795120823705622 0.829729113952213 0.794633264567331 0.855051377717703 0.80667859728567 0.837529274708934 0.798270428330722 0.845399815037241 0.930638968851115 0.907912972834047 0.886677026642371 1.0335440219186 1.09070153913105 1.05847190086546 1.10591562440845 1.06692298267904 1.1032512785261 1.13036956924555 1.17176044208311 1.14036578750481 1.04295753144753 1.14039139850507 1.10431935300307 1.07962249605635 1.09157284488167 1.07335924139866 1.06148468093057 1.07239485417256 1.11458508032481 1.10963921230627 1.14063021670144 1.08012826087457 1.11755383225103 1.09189137503166 1.14872278671493 1.13497681234738 1.08674400232851 1.09589522977558 1.03374595724608 1.16001142841021 1.14135750243079 1.05799921974996 1.0822004752722 1.11243665960522 1.02941086757179 1.12235570076504 1.0586668467052 1.06844552461893 1.07299688574168
"frmod_fr012" 0.955450722397497 0.959504899312687 0.943406649990627 0.962776473704544 0.980292196288657 1.02535968517009 1.02474308656704 0.828463813976196 0.885229738621592 0.813416446433519 0.823471640734214 0.861521700046177 0.987555197832533 1.009622597687 0.832053520846769 0.849872193097713 0 0.81664983150309 0.817693117875952 0.843360119736125 0.896660551481937 0.872452577190516 0.887549164881519 0.778289584628082 0.937556489872504 0.853557187134785 0.292146137609748 0.829230228069994 1.08718948724043 1.08328443135648 1.01100964820864 1.10374989615219 1.13015984568983 1.11505118396333 1.10412705108578 1.17608014443956 1.16761021663348 1.07544508019629 1.10301237590097 1.0287250591046 1.11750971924195 1.11955339137386 1.08323608465813 1.09368536339615 1.09329341493634 1.13320995038518 1.1022659544786 1.1158076000434 1.10182369718178 1.05800864623391 1.08631990699645 1.09470487299717 1.17493683043628 1.07690602716511 1.06531473780331 1.07107512113569 1.14157540798616 1.1315278362654 1.03986688043998 1.11688809618271 1.09145961461099 1.07381442027357 1.04400058820872 1.19033037111376 1.06184135571502 1.02160128675577
"frmod_fr013" 0.95310194766739 1.00171588412948 0.968107950730982 1.01543251605408 0.903091184651643 1.01564276921854 1.01830567369702 0.805708044142046 0.843916760376239 0.801556688982781 0.858086021112845 0.762574226721432 0.776767681035513 0.857710612094158 0.819109821696527 0.795120823705622 0.81664983150309 0 0.860299683023119 0.829459689094381 0.87049318232218 0.808705729799147 0.805918274412233 0.806785540998621 0.847589105658305 0.916369930067009 0.899897648481367 0.910171902412774 1.06528515878508 1.09252508035486 1.02638004790262 1.08098263554361 1.057211892681 1.09244362914596 1.08791071231442 1.12626414691353 1.0960495200907 1.0518754413193 1.13484795238039 0.991437718145004 1.01753020382163 1.06779955689024 1.08901365678247 1.07445256611473 1.07923588308253 1.05837352696898 1.10514101890074 1.15603408661529 1.0584401664087 1.07991187904018 1.09313942271015 1.08430362774882 1.08303346336912 1.04002669575612 1.08170399878433 1.07238474013917 1.1202071736552 1.11426148430988 1.03482967892937 1.10929873101278 1.07491606559153 1.0735565522612 1.09007212641965 1.09530415388187 1.02820762403106 1.0417580988463
"frmod_fr014" 1.01387157693445 1.01855649076786 0.973019606571705 1.03640868408755 0.973687774383752 1.06036050695593 1.04203492533939 0.85317224562656 0.936138573191962 0.859997848810864 0.87763094077707 0.849666507298585 0.932109034510942 0.930273961922505 0.828249539936979 0.829729113952213 0.817693117875952 0.860299683023119 0 0.823415353175744 0.842324300367481 0.857695921071516 0.857324513570522 0.791907441430118 0.911432414944469 0.942732492849399 0.88951448215915 0.966252099160851 1.1118317791829 1.14466525085364 1.02033372141565 1.1520957826256 1.14838857093214 1.10541054966491 1.09801794395456 1.16543175721571 1.16667743352437 1.10140251957799 1.1589062460309 1.13366834522739 1.14857372814278 1.17825509627354 1.10981696801661 1.08984713072655 1.15498944649076 1.13671760772031 1.17215838345825 1.17472064971221 1.14106418649462 1.1250762477025 1.16911849427576 1.15957646563883 1.24274632254493 1.0897979397267 1.1116896589395 1.09015493913347 1.22192379221601 1.18985089064556 1.10840550624693 1.13334801125491 1.16800747847611 1.09692426196894 1.14430657114386 1.21309814750343 1.08509676308155 1.09359576653268
"frmod_fr015" 0.993304993648318 0.996048123780107 1.01983921591976 1.02426562235781 0.933846175315569 1.04582716934453 1.00148081665953 0.882679074829619 0.922572170344727 0.896267282575998 0.908676287856311 0.834136075263392 0.900787791036515 0.984448887549502 0.93836418716971 0.794633264567331 0.843360119736125 0.829459689094381 0.823415353175744 0 0.862101968879153 0.881323738159538 0.872905929156312 0.811909207399641 0.901326181422587 0.946078603421617 0.903839092617913 0.902752412628239 1.13169331299191 1.13700663873842 1.01517817903476 1.14993844104579 1.10697667314045 0.805187336047634 1.077239781283 1.1223429563847 1.12997172591998 1.08473268765951 1.12453920408298 1.10444608286814 1.06468654741455 1.1074425638971 1.02318125519347 1.08454544046052 1.10749759907287 1.08413701509583 1.1092289904343 1.16059644764105 1.10251418532076 1.1084208804791 1.13052926518741 1.11682466731668 1.12579643624018 1.03382418188764 1.08107001060259 1.0854310565522 1.15159914568938 1.14757436035882 1.06109523954802 1.10250375646289 1.11508585748042 1.04521571002548 1.09642228381318 1.13141123440534 1.1109729289036 1.06839189546072
"frmod_fr016" 1.04234986601589 1.04016226250334 1.02787700763878 1.06006320476073 1.02514115959432 1.05695036021696 0.489031445482247 0.929628810154477 0.94769662830648 0.908730599913978 0.929294114738375 0.885034154665511 0.941846762624054 0.970329935958354 0.955529778559628 0.855051377717703 0.896660551481937 0.87049318232218 0.842324300367481 0.862101968879153 0 0.836153623575112 0.898758282069926 0.874450477138647 0.906744695803246 0.964712752429573 0.956810732838699 0.90287903036216 1.18776179647679 1.1473874169886 1.1046780581565 1.1831324287166 1.1686763881218 1.18371450338558 0.823730213524213 1.16647317704473 1.16353417179329 1.13210073516932 1.1620063950244 1.08832365306297 1.09706452641416 1.09204830790275 1.13133827564502 1.03012139818636 1.1293561212306 1.09734288332734 1.16193810880214 1.16458033168099 1.13274323880292 1.12725090445347 1.11823698763375 1.17163922317845 1.19612072575409 1.07884999994851 1.09421623120016 1.10092188354373 1.19160510100968 1.16146959841379 1.09005132136266 1.10104609453168 1.1749789108656 1.05623502923265 1.10126639513888 1.17766997017897 1.07650514641763 1.14380545418303
"frmod_fr017" 0.971594229083985 0.982670006492522 0.95155272694271 1.02921143610904 0.977874620911102 0.962650873284929 0.990090145416597 0.856695180792949 0.876262010071113 0.86200396058145 0.885645197808893 0.88300422215562 0.896883375381603 0.919974033030795 0.884822577930859 0.80667859728567 0.872452577190516 0.808705729799147 0.857695921071516 0.881323738159538 0.836153623575112 0 0.793060964205019 0.801954883615224 0.906779770109438 0.988832561301949 0.928528035704944 0.833326895288648 1.13721650399376 1.08539281580089 1.05075757677923 1.15995879547018 1.1488705404785 1.1580790713368 1.13070514021545 1.16371123112974 1.15903157847518 1.07508356303575 1.16226724491245 1.10752845927345 1.04678453397595 1.08785555398096 1.06868539675981 1.10697224796079 1.06788919178535 1.03841643446291 1.11785038025292 1.1706815946695 1.10487821438357 1.06045744742442 1.1400807040825 1.12748203102949 1.16029509130782 1.10578174618418 1.14416490708494 1.03802226959133 1.19526988043291 1.20104192493135 1.09736912540449 1.11111214262375 1.10904642027963 1.08275916193229 1.09649908957252 1.10460511755527 1.05884210689168 1.08387516689831
"frmod_fr018" 1.03664086753866 1.02139266165526 0.977107203149925 1.05997456502866 0.925105444306312 0.999240717875612 1.08419131741951 0.870381199295675 0.887797081940875 0.839377705033559 0.911458231993059 0.833164962949584 0.879319301535399 0.836295313024716 0.882492340276344 0.837529274708934 0.887549164881519 0.805918274412233 0.857324513570522 0.872905929156312 0.898758282069926 0.793060964205019 0 0.848493139607051 0.930192978170106 0.97879861339109 0.939140292036984 0.959890842777463 1.1227490024237 1.08878123083296 1.02272080220226 1.15659959791756 1.09574497607225 1.13709772793308 1.11708189935588 1.16272387547045 1.1522802743209 1.11493480854585 1.19116533710391 1.09548440452435 1.14940393292286 1.13034991351804 1.11276823947297 1.108014438353 1.11715491665995 1.12710313742615 1.18825012754935 1.20679238360576 1.14389392163008 1.13469109773044 1.14306740909131 1.14937003381099 1.16493077442179 1.10379318132321 1.11847933424787 1.11344671920834 1.20668401372978 1.18689929687476 1.06482821757003 1.13067463724665 1.1143408074468 1.114015695472 1.17761820065586 1.11215312935152 1.09226152516357 1.11991614347139
"frmod_fr019" 0.98151898802701 0.967255207262535 0.962781903139298 0.936180607518008 0.913084612196093 1.02350642625125 1.02922023676994 0.837919173530213 0.839666281353257 0.81070188675039 0.783333091120915 0.770068431460846 0.919921220324427 0.949926560184071 0.843517990556616 0.798270428330722 0.778289584628082 0.806785540998621 0.791907441430118 0.811909207399641 0.874450477138647 0.801954883615224 0.848493139607051 0 0.911707670858005 0.869527221863554 0.85042641416932 0.867586251094467 1.1099926766004 1.08452988186911 1.01564821942626 1.10527869246385 1.08924445828671 1.10822957422883 1.12569716820957 1.14820348642522 1.17925369076474 1.06220586841735 1.10885086229238 1.04688788877045 1.06989744551658 1.13761684846946 1.06589929017081 1.13231661373738 1.09131803391964 1.11195949759939 1.09174313011451 1.11737453965386 1.08502307966678 1.08098263904807 1.0644407455191 1.01804471968975 1.18796441484759 1.08116781201016 1.05165850784902 1.07564971543164 1.12977782330451 1.13666463076035 1.05363633360962 1.15585950908009 1.09874502074673 1.0913851413176 1.0715235427416 1.16607569529343 1.06541666948708 1.02715209457131
"frmod_fr020" 1.05927781150962 1.0931882703297 1.08775604768575 1.09212690358598 1.04245614562381 1.10071635189107 1.04687271125034 0.923450856196615 0.935532133003695 0.94523555726041 0.984343357292871 0.898061422612097 0.833850996864384 0.881020713836911 0.926834798587648 0.845399815037241 0.937556489872504 0.847589105658305 0.911432414944469 0.901326181422587 0.906744695803246 0.906779770109438 0.930192978170106 0.911707670858005 0 0.980183818448687 0.996751817872165 0.924052413915149 1.16296479735464 1.21072309444772 1.15474372724923 1.21831281981936 1.16017336647878 1.18475098216188 1.12899329596429 1.19233933175947 1.1658640716164 1.20179765437746 1.20464055697593 1.12890321485516 1.15633619035919 1.20715741559667 1.1718909067336 1.13829910930122 1.15485753434787 1.14083142945913 1.2043555222674 1.18455156415302 1.16256091317255 1.12559927864409 1.22528489179 1.25641212559095 1.17431185268171 1.08826108996438 1.18608929733108 1.10361922326446 1.17287911634324 1.17864779183578 1.05075131177098 1.13259075243533 1.1353051214583 1.07658253168861 1.15999638835836 1.15088932332842 1.12936736203229 1.09287098893358
"frold_049" 1.04110914127188 1.02303614003074 1.02075243092032 1.03726783225997 1.04509652118599 1.12939053874673 1.09439028272384 0.923421728808311 0.952823283653958 0.917266535887016 0.932659067965163 0.917793041267068 1.0102908541194 1.04980625091198 0.979371165563515 0.930638968851115 0.853557187134785 0.916369930067009 0.942732492849399 0.946078603421617 0.964712752429573 0.988832561301949 0.97879861339109 0.869527221863554 0.980183818448687 0 0.900558828860099 0.886141246342103 1.14474449149358 1.1689809678112 1.09837805104067 1.18855596194781 1.18662139020971 1.17232322676567 1.16262708805426 1.24196832856973 1.22942321873274 1.16974293409116 1.13559925730893 1.16193130157443 1.1604219494409 1.22455129202602 1.17282578780122 1.18384124960609 1.13392669699844 1.16130476868059 1.16105395807482 1.16357608855874 1.18156763664906 1.10079537095989 1.17546959229788 1.12721592781909 1.19875030758852 1.09476566190444 0.91529397980552 1.12459494826727 1.13503926133223 1.18574272946694 1.08906357229613 1.19346909338271 1.14258748263855 1.05268244125298 1.0759871189873 1.18765573177184 1.09750484269948 1.07821518598527
"frold_fr012" 0.900949635217338 0.914295615265187 0.91325982607977 0.902161994704109 0.958150738539174 1.0075966950921 0.99248997875962 0.90239160426953 0.938023661308553 0.880306239686743 0.882903771606523 0.922633276346275 1.02432933172786 1.02430895951933 0.892767821154471 0.907912972834047 0.292146137609748 0.899897648481367 0.88951448215915 0.903839092617913 0.956810732838699 0.928528035704944 0.939140292036984 0.85042641416932 0.996751817872165 0.900558828860099 0 0.895872527500646 1.08432319959092 1.07613178295324 1.02832426029097 1.09291125893596 1.12258384598909 1.11127823192069 1.10761926676712 1.17199121294734 1.16798248175565 1.06930173923805 1.09934878811372 1.03624559094365 1.11722522379728 1.1117717656583 1.09692442737519 1.09854867735212 1.08134719846467 1.12656652465776 1.08920299451615 1.09802327181723 1.11494503646537 1.05755068072789 1.08277977062468 1.09619341862435 1.18660041529425 1.08297696506105 1.05558435873938 1.07153184264919 1.11887022836221 1.10620739876154 1.02238434126536 1.12574175542275 1.07874639127614 1.04994222589277 1.04579977606344 1.17040076761752 1.05772151208432 1.00939455640753
"frold_fr042" 1.01549202958898 1.00976513214045 1.0398523638502 1.06391434215647 1.06195734076542 1.08490531220159 1.02815934540619 0.924132703744171 0.923906544008666 0.964803086214667 0.976783092818223 0.912194410949024 0.990582696729877 0.982486028113701 0.949305312298795 0.886677026642371 0.829230228069994 0.910171902412774 0.966252099160851 0.902752412628239 0.90287903036216 0.833326895288648 0.959890842777463 0.867586251094467 0.924052413915149 0.886141246342103 0.895872527500646 0 1.21765154316672 1.17954406391544 1.15891257224731 1.25434739008273 1.2015426174553 1.16408164572786 1.13312934084908 1.26696243091612 1.23050190139323 1.15748103085873 1.1130941037942 1.12024646506858 1.16763856604016 1.17189090253198 1.12483870411515 1.16805226773356 1.13689705569565 1.0993189662251 1.19750933764973 1.16431248922773 1.18270342228839 1.06202037342758 1.18312464450116 1.15976771560673 1.23650378595471 1.1555230193477 1.12960392020608 1.06301792033408 1.12868082847081 1.1136450731032 1.0507128922035 1.17034051331353 1.10799950142233 0.992520893559132 1.06111302247733 1.15841706802009 1.06601684067719 1.05989196602036
"qu_fr001" 0.854867199436621 1.03773149907929 1.03351491861538 1.01208833032077 0.974227790949233 1.17948221494646 1.19980062506421 0.886959690347134 1.08366533137536 1.00345084978769 1.01528148596112 0.988799305697706 1.05736933838463 1.15794663586368 1.09121937790128 1.0335440219186 1.08718948724043 1.06528515878508 1.1118317791829 1.13169331299191 1.18776179647679 1.13721650399376 1.1227490024237 1.1099926766004 1.16296479735464 1.14474449149358 1.08432319959092 1.21765154316672 0 0.939336062909299 0.911386625187238 0.783433123429919 0.93539602834808 1.09101355649383 1.06117400579289 1.11151091952724 1.1182299202849 0.980042389325814 1.06046605375359 0.983384786547273 1.05397376829444 1.09923724571572 1.04027986348096 1.04441509614861 1.04007943982156 1.13509123442457 1.04838060174359 1.05452635009188 1.06196451318224 1.06074275271935 1.01685945466508 1.02650737441092 1.14230529596448 1.03465944984098 1.00117846442064 0.953924261286034 1.04688642359876 1.08092422969567 1.04285973803083 1.05453572066829 1.04498854703135 1.01151026259235 0.997178095351348 1.00738963543488 0.965387480216161 0.98360362664191
"qu_fr002" 1.04842264442785 0.782313926028169 1.0793336099107 1.03090770710758 1.0849984358942 1.08764737788675 1.14551726244635 1.05798284614918 0.868960041900646 1.0840610276488 1.03741115042143 1.0743279018384 1.17391932221987 1.16933871066023 1.08476899842964 1.09070153913105 1.08328443135648 1.09252508035486 1.14466525085364 1.13700663873842 1.1473874169886 1.08539281580089 1.08878123083296 1.08452988186911 1.21072309444772 1.1689809678112 1.07613178295324 1.17954406391544 0.939336062909299 0 1.00294814065207 0.959163491192898 0.999697861334807 1.07628460654147 0.977621532930557 1.04520386958035 1.14559142878367 0.904488952292283 0.989357981131862 0.998741873845582 0.986247972876635 0.997008901538606 1.06874237439891 0.976450700213271 0.948147720037536 1.05105920722949 0.994863524675842 1.01208934176727 1.07313883166115 1.00920019275291 0.947884456862557 0.975899433031235 1.12462292600458 1.02904508696474 0.901526791305828 0.980182226455059 0.998873375666317 1.04912895031333 0.976851428615739 1.07181456576423 1.02704418252371 0.976741181764176 0.953324367076893 1.05054210734153 0.974072860877045 0.974024406107841
"qu_fr003" 1.00242869211928 1.07139635212003 0.843445208905306 1.03825493996242 0.957403573159063 1.12828870600445 1.11225954464415 1.01729130455724 1.08008526484209 0.832546404795047 1.02923329686737 0.980041915900875 1.0799617789643 1.13380889956575 1.03508079684717 1.05847190086546 1.01100964820864 1.02638004790262 1.02033372141565 1.01517817903476 1.1046780581565 1.05075757677923 1.02272080220226 1.01564821942626 1.15474372724923 1.09837805104067 1.02832426029097 1.15891257224731 0.911386625187238 1.00294814065207 0 0.972371157581 0.85001461241688 0.938917095479561 1.01724095928575 1.01256842175165 1.04189333747539 0.957799927615393 1.00914814821449 0.898320319827271 0.964564171550674 1.00346935007554 0.902581989136437 1.01178032061077 1.03310899492044 0.991301788647582 0.957575561713629 1.0717130194558 0.904318481186614 0.930591416523571 0.995647599904409 0.913008053753611 0.978191932962718 0.998123366012255 0.967166051813133 0.96126477937482 1.03307195041791 1.06346457334438 1.00231763710319 1.01564259532611 0.991179712173143 0.984937897284039 1.00993743549427 1.0774936113437 0.968899048590879 0.993108409176409
"qu_fr004" 1.06284646028636 1.04713380695556 1.09726139854063 0.885992952042714 1.03156800096512 1.18019659881109 1.18493432335533 1.05257360004755 1.09350348891581 1.07086746647852 0.885024004844535 1.05516161159495 1.12574476604933 1.20088641759871 1.10950301705204 1.10591562440845 1.10374989615219 1.08098263554361 1.1520957826256 1.14993844104579 1.1831324287166 1.15995879547018 1.15659959791756 1.10527869246385 1.21831281981936 1.18855596194781 1.09291125893596 1.25434739008273 0.783433123429919 0.959163491192898 0.972371157581 0 0.970491726727476 1.11897797006736 1.04339644288041 1.10728567275749 1.18394513463161 0.980630235815214 1.06641068096827 1.01120087768699 1.07430491102486 1.08670171650416 1.10957055175189 1.03433351513005 1.04039559092158 1.12516322646179 1.03007493589726 1.08194138219258 1.10269128300305 1.08737117170852 0.962400822362626 0.958751413741353 1.18497847288868 1.03764939146415 1.01650372474151 1.00563822060415 1.09219186654907 1.06577657361032 1.05932025181554 1.14883394148648 1.07762913110089 1.07959425187391 1.0478067323656 1.08577738168635 1.02435837387124 0.994993107483719
"qu_fr005" 1.11429794937865 1.13296238154806 1.1679903659301 1.11692400479793 0.870814200179429 1.15915403010901 1.19081551069489 1.11357178208129 1.11178750018224 1.11926060856951 1.09789325743054 0.90582689916583 1.05687324207223 1.17217472064173 1.13163663990081 1.06692298267904 1.13015984568983 1.057211892681 1.14838857093214 1.10697667314045 1.1686763881218 1.1488705404785 1.09574497607225 1.08924445828671 1.16017336647878 1.18662139020971 1.12258384598909 1.2015426174553 0.93539602834808 0.999697861334807 0.85001461241688 0.970491726727476 0 0.91469312321481 1.03545527475919 1.03532883479908 1.03047564641466 0.971250628546837 1.07662644803487 0.875363461672175 0.92694867973208 1.00837755001613 0.879703169016335 1.01768122311701 1.01364154767774 0.972853531768071 0.986395140141369 1.07846618426613 0.933101790984146 0.969513582644069 1.03506342673313 1.03501118738817 0.980159216686626 1.01732416167996 1.00318672377711 0.974621294280374 1.04641384060375 0.993807492455956 0.99723820188362 1.01663652353772 1.01365062685389 0.995387279548501 1.06535140425442 1.02960797183686 0.983996973630557 0.969651723990861
"qu_fr015" 1.14671386778399 1.12030449939354 1.1762796288496 1.18058411100618 1.07450743938021 1.20846432408638 1.15791651541902 1.15942453453413 1.11478934367314 1.15029983203068 1.1752077648201 1.08962042168585 1.15374386956329 1.26152472016845 1.22067900470825 1.1032512785261 1.11505118396333 1.09244362914596 1.10541054966491 0.805187336047634 1.18371450338558 1.1580790713368 1.13709772793308 1.10822957422883 1.18475098216188 1.17232322676567 1.11127823192069 1.16408164572786 1.09101355649383 1.07628460654147 0.938917095479561 1.11897797006736 0.91469312321481 0 1.01057050387467 1.02882727759411 1.00228547325633 1.03765273225764 1.03996772148057 0.923048555035599 0.933835447764938 1.02982709338984 0.901801337952958 1.02573448192477 1.00246194524194 0.994505136502748 1.01471389257027 1.04080621934806 0.940709668046016 0.944147061018457 1.07115285615233 1.06318838835259 1.00733387928792 1.01059974265328 0.995808805763663 1.02192658252283 1.01588082499137 1.01903426149185 0.964090229826789 1.02381146653403 1.00960463443585 1.00176532695641 1.02387709111658 1.04890492216827 1.03543837384942 1.00194696837811
