"bg_fr001" "bg_fr002" "bg_fr003" "bg_fr004" "bg_fr005" "bg_fr009" "bg_fr016" "frmod_fr001" "frmod_fr002" "frmod_fr003" "frmod_fr004" "frmod_fr005" "frmod_fr006" "frmod_fr008" "frmod_fr010" "frmod_fr011" "frmod_fr012" "frmod_fr013" "frmod_fr014" "frmod_fr015" "frmod_fr016" "frmod_fr017" "frmod_fr018" "frmod_fr019" "frmod_fr020" "frold_049" "frold_fr012" "frold_fr042" "qu_fr001" "qu_fr002" "qu_fr003" "qu_fr004" "qu_fr005" "qu_fr015" "qu_fr016" "qu_fr021" "qu_fr024" "qu_fr025" "qu_fr027" "qu_fr028" "qu_fr029" "qu_fr030" "qu_fr031" "qu_fr032" "qu_fr034" "qu_fr035" "qu_fr036" "qu_fr037" "qu_fr039" "qu_fr040" "qu_fr041" "qu_fr043" "qu_fr044" "qu_fr048" "qu_fr049" "qu_fr052" "qu_fr053" "qu_fr054" "qu_fr055" "qu_fr056" "qu_fr057" "qu_fr061" "qu_fr063" "qu_fr064" "qu_fr065" "qu_fr066"
"bg_fr001" 0 0.789720684450426 0.734003772512103 0.769755801953107 0.86639269446346 0.986716995798061 1.00777784236971 0.583145996438632 0.940222482890399 0.847452747073976 0.885192195820687 0.915554428610135 1.02732494276349 1.04237799656696 0.996545365112373 0.935540916790132 0.96494587239665 0.960222990247087 1.02029798075179 0.998213086836029 1.04645878612574 0.989974381227953 1.04232203103465 0.987168893665899 1.06859563737291 1.03656562303735 0.911575974840777 1.02160053466235 0.879742620562175 1.07856583210109 1.00977724277753 1.08710066262909 1.13784147858564 1.15164379779228 1.19640818948801 1.20400524378946 1.21193426680755 1.10369137258733 1.14351936470583 1.11709150897447 1.14849127065494 1.16518894991318 1.1220041231459 1.15923307507428 1.07467456649296 1.21103669883755 1.14091574163739 1.14670741797169 1.12574874534297 1.14862328464056 1.13835580775531 1.1413558661087 1.22695854772684 1.12316048628447 1.15673672065439 1.03121076243883 1.15930194986517 1.23613959366447 1.10819933091852 1.15027400254728 1.11873016497074 1.10973983610245 1.10277230801802 1.1209320696834 1.13082851132232 1.07015421001161
"bg_fr002" 0.789720684450426 0 0.80668403913379 0.795787972552701 0.889327948197545 0.930077307518326 0.943686372642129 0.955299144327034 0.600245422525705 0.946010472668779 0.917634575099161 0.930223374953877 1.0896808045267 1.09596316900302 0.988366254867591 0.951220450957304 0.959360279066124 1.00337067943144 1.02558816418661 0.991449834214586 1.01822586501747 1.00325121895118 1.02880012420506 0.976106761917435 1.09618179116338 1.02015144714305 0.914216770014546 0.997025032080454 1.05967073578853 0.798944640759643 1.07945414664911 1.07124911973619 1.13589668626178 1.11895599131963 1.12753442844355 1.19064871068937 1.26751043581904 1.08976531980468 1.12194879828143 1.12382295778474 1.1311508485533 1.16468620089656 1.16117076274687 1.12934671789354 1.0622064236332 1.15568663873169 1.1637010893749 1.13590045714315 1.1640994394839 1.09844379668857 1.10745798237895 1.16504709318598 1.19420318604358 1.13083481954576 1.07870732462673 1.04336789863221 1.12041475724752 1.17820470977479 1.07747822335584 1.24323587901897 1.10073063282045 1.11208156621273 1.08864494393767 1.10004148735569 1.0939953954945 1.04233819381177
"bg_fr003" 0.734003772512103 0.80668403913379 0 0.755114087819279 0.916941807221928 1.00937964576746 0.964976646576794 0.881992505969108 0.947763646712733 0.557303677337541 0.89661706931421 0.941885165112415 1.05932177218176 1.06968392333423 1.0030056606988 1.00040683312597 0.944317784186446 0.947794244252251 0.992898698596427 1.0134134988341 1.02171101258072 0.961557102693186 0.966228119247718 0.979103683448582 1.08900890155601 1.01960824801313 0.919887366863426 1.01380565042946 1.07047069119992 1.08666103024555 0.870325656939248 1.1227678891325 1.17649177680011 1.17480748963951 1.13913170464719 1.18672708436249 1.2737168243371 1.11867826451642 1.16194869245952 1.12564244302521 1.17294271697793 1.1367809643961 1.14841311348362 1.12954795405475 1.17296203420972 1.20426629567259 1.11623922041543 1.16161659922505 1.14667218377718 1.13572560035402 1.17448075415731 1.15010445951434 1.22358084297592 1.07899128920662 1.16011567025469 1.02719201638137 1.20082205401209 1.21334098826087 1.10110607457619 1.1898167961628 1.11768249372731 1.09069008405228 1.14442852115802 1.15406012617495 1.13028948771432 1.06713247514271
"bg_fr004" 0.769755801953107 0.795787972552701 0.755114087819279 0 0.861587554299757 1.04022624925331 0.970977301119689 0.921529580288947 0.960727880401957 0.919681623494533 0.482466581533158 0.931042780604732 1.08081479171391 1.1037988775705 1.05036607949638 0.992483275638179 0.952507796197129 0.994275195820531 1.02773795520267 1.00101639144432 1.04925843494842 1.04272531086353 1.06056573428625 0.926888501989386 1.07856014803981 1.02579617448996 0.891367770535209 1.02653473571341 1.01954606813044 1.056533598697 1.03579893100062 0.885559857239624 1.11071487782332 1.16945129641383 1.15707060149265 1.20892585680794 1.2543095947056 1.10742252416967 1.1198909508977 1.08476005104683 1.16157813566057 1.1193092973799 1.14512305576533 1.1306847016576 1.13783150948941 1.20249026973424 1.10877299288829 1.13118679398124 1.18216727865679 1.14983689462349 1.11410134681029 1.11456782491007 1.27862640019797 1.128478849665 1.11476136088377 1.0819165191623 1.15099464011734 1.18227724376158 1.13006966668993 1.24227376267652 1.15342966884162 1.10831344369022 1.13030060359205 1.17665070930784 1.15233144334443 1.05387440327643
"bg_fr005" 0.86639269446346 0.889327948197545 0.916941807221928 0.861587554299757 0 0.902674039272308 0.986561822610242 0.9456030264462 0.983681074755512 0.959723897161931 0.954672523688143 0.583261299370319 0.924955059659066 1.03336644887591 1.00600660475597 0.915672183286759 0.988841302858977 0.881764582917166 0.980093031732779 0.947731356509833 1.02925632666108 0.993726904117465 0.921410409803586 0.90658766681728 1.04108054909139 1.03064989819923 0.975359307647723 1.06875197399648 0.998830004078651 1.11174748067292 0.97263577828741 1.05124747200635 0.865816291097218 1.06881344383693 1.10230613029223 1.11839942261426 1.17720988664794 1.09424773232597 1.14796001133672 1.04842506295843 1.06732470487734 1.10062174282992 1.05496713789893 1.09056194033105 1.0934661241368 1.12101131233205 1.10332474824652 1.17542415077451 1.01872836683109 1.1186813237156 1.12927810610607 1.13108350703783 1.12893730843094 1.03946750549206 1.08565345069763 1.00032873824144 1.13609101642859 1.14797616198023 1.08086856201835 1.13219918937446 1.06286661561425 1.03573672989134 1.12751505501547 1.06675252724074 1.06885961298105 1.01943085367975
"bg_fr009" 0.986716995798061 0.930077307518326 1.00937964576746 1.04022624925331 0.902674039272308 0 1.00633295628531 1.07104846360523 1.01181937767853 1.07339832605105 1.12789332293981 0.98998194717271 1.04276863564695 1.05220136127224 1.0090260432047 0.93778898730487 1.04428530348052 1.01901098720567 1.05286079614338 1.04347364888813 1.05608496413147 0.97083381091447 1.00158469163491 1.03751348433235 1.09841216481056 1.13967154887715 1.0358613509015 1.07465443894539 1.18706032553575 1.12056095075586 1.13095356774931 1.20361110812528 1.15354981612648 1.20892173730559 1.21624846688025 1.21753489464839 1.26434677595318 1.13474257037408 1.23141825731208 1.18498263165107 1.12253732183343 1.19618126666935 1.15623355835782 1.23456627542457 1.15526308124624 1.1468143650465 1.22373998434162 1.19947627152469 1.21289989346049 1.17262829257696 1.20743200285737 1.20575592798404 1.25229882267975 1.25017183781838 1.19761111354497 1.18396756344354 1.25248117448093 1.21051269059227 1.14460212503554 1.24411850877701 1.22732063372851 1.19222486220227 1.17072800326549 1.19514610716003 1.13895308055503 1.141917510727
"bg_fr016" 1.00777784236971 0.943686372642129 0.964976646576794 0.970977301119689 0.986561822610242 1.00633295628531 0 1.10441236282501 1.05833196224627 1.03188274230533 1.08862669353025 1.07257439976477 1.08422935767837 1.15496191952396 1.12663229967485 1.00837019950703 1.03206697444118 0.997834918075048 1.04391316755963 0.98687989966366 0.48585846731348 0.984868500030125 1.08332046391284 1.0225569941031 1.03225530149363 1.07944528654977 1.00508601494496 1.02544733380257 1.23004989872381 1.14542430103097 1.10333353458479 1.2026308742737 1.1877770309996 1.13946537469838 0.790150120661482 1.15169812864384 1.21844568841898 1.13482927724577 1.11352007399148 1.1163427674083 1.10157070900058 1.09872548656551 1.14820089560048 1.00617415921526 1.11012517725065 1.11704259225371 1.13760135971283 1.17359866069404 1.13448552652565 1.13346640449258 1.13958582302895 1.17807825580048 1.20461171771112 1.09236671648973 1.08866425102208 1.0781165635356 1.18883334985333 1.13944771079682 1.10510276945043 1.12395311159533 1.14249390787969 1.0355377458443 1.07225618290301 1.16276551070634 1.06660958349024 1.11318012469477
"frmod_fr001" 0.583145996438632 0.955299144327034 0.881992505969108 0.921529580288947 0.9456030264462 1.07104846360523 1.10441236282501 0 0.825500561514965 0.724913423744161 0.769434142929152 0.76955191890923 0.861929831025042 0.943159263835679 0.830001115840888 0.780403207354605 0.843924742957147 0.812797552197106 0.868396883097436 0.89663782137074 0.946123147657293 0.889592137249393 0.894156399229467 0.852996201828516 0.945129711975948 0.925566684652991 0.913791312322363 0.931429701524668 0.897310304093063 1.0813269414651 1.02430654062341 1.0702584965814 1.1248460497579 1.15266633250185 1.17676226889826 1.23591201642638 1.21361949882806 1.10421893823949 1.16907280692121 1.11546862405142 1.13792199225024 1.18973403747054 1.12391300674009 1.15564186651297 1.10352310502337 1.2238498851399 1.16490787856378 1.15115591125596 1.15298118484062 1.12049534596055 1.14549088243345 1.12205078991727 1.2373126601404 1.11389973626751 1.16610049626947 1.07446701412469 1.17349455734722 1.23477392263593 1.10060766292158 1.14904148894046 1.15631375312747 1.11598552179923 1.12688490760844 1.13054919313003 1.12111564749066 1.09316060449743
"frmod_fr002" 0.940222482890399 0.600245422525705 0.947763646712733 0.960727880401957 0.983681074755512 1.01181937767853 1.05833196224627 0.825500561514965 0 0.799098939529854 0.849570464141368 0.807276814613258 0.925704010990095 0.946013613887549 0.822786781458461 0.826020086744326 0.895877890314236 0.846433839975192 0.93805831491059 0.907430598642835 0.928575995372092 0.897356381697387 0.904774127906391 0.850160361570936 0.939217145588973 0.945359874985773 0.942190967474423 0.919088378118387 1.09640807837905 0.877655182252317 1.09078862626137 1.11224625536381 1.10757557919 1.10925637574669 1.14262357113601 1.20076536835403 1.26259649126339 1.09036582470956 1.16478288702582 1.10856237312299 1.11820669263164 1.18534325213235 1.12511287708668 1.16494661017234 1.07401149899822 1.1500807099838 1.2051857770156 1.13341664949547 1.16776599117139 1.08993638429739 1.108627267213 1.17158010030465 1.16288914319101 1.13964171423026 1.0988922778908 1.08644101569377 1.15182832399002 1.18290068439668 1.07500933700914 1.20014352025664 1.10241210883666 1.09302482488183 1.09144800695493 1.12242448856674 1.10670062749593 1.06932253794933
"frmod_fr003" 0.847452747073976 0.946010472668779 0.557303677337541 0.919681623494533 0.959723897161931 1.07339832605105 1.03188274230533 0.724913423744161 0.799098939529854 0 0.782970405330035 0.797570324915216 0.920911168999245 0.963774556873114 0.831732464576277 0.860571398947395 0.822398565236443 0.789196540722805 0.881532194440781 0.892239029189783 0.910629088966589 0.885030671935465 0.844996023694278 0.835531558708335 0.947808233258229 0.914966044096093 0.883901376561451 0.94708385367214 1.02177030221021 1.09926379039856 0.853424404225592 1.09175171264323 1.12424109262634 1.14842702854508 1.12739044850905 1.14650935087349 1.24591285654508 1.08979757935768 1.1555404930975 1.0744359291927 1.13720640033273 1.14208812683921 1.1071550214785 1.09522349421456 1.15268599518583 1.1726314899965 1.10590539458388 1.13890456041236 1.10433140037304 1.09815130122833 1.1223042727138 1.10450433086994 1.20243921354237 1.0727822536217 1.12243240718058 1.02776222250691 1.17354216751747 1.17130928110464 1.0849889867422 1.13810180902943 1.11069158802633 1.07916392904142 1.1144341434775 1.12760502314838 1.09437322321397 1.07654497342801
"frmod_fr004" 0.885192195820687 0.917634575099161 0.89661706931421 0.482466581533158 0.954672523688143 1.12789332293981 1.08862669353025 0.769434142929152 0.849570464141368 0.782970405330035 0 0.804883648193718 0.961475969285207 1.0030657411023 0.882175340064347 0.860919424747708 0.824619321228042 0.864886573843189 0.892909508340539 0.9006005910202 0.940693104207588 0.923695509314417 0.951088323537977 0.791076787486694 0.994438242579693 0.946626500665592 0.874480119817722 0.965639916773537 1.03123509718158 1.07214103480789 1.03659166356762 0.903166466435976 1.09866960885391 1.17584191029233 1.16504242961442 1.21114360329775 1.25852691583916 1.09931782643368 1.16809918135423 1.09878157798516 1.17334435739949 1.15964752886084 1.14146204306343 1.14563212549654 1.1656475367328 1.22709931358621 1.14092886845428 1.16336268907517 1.20300249209053 1.17506012294659 1.11543597623647 1.13283183965042 1.28621235567456 1.14522279243773 1.14161125593825 1.12226724875511 1.21768579325229 1.21529743690616 1.1672102537515 1.25219176394828 1.21949348080629 1.16574854883846 1.15178136551645 1.23295402110606 1.17362676652924 1.10509428530425
"frmod_fr005" 0.915554428610135 0.930223374953877 0.941885165112415 0.931042780604732 0.583261299370319 0.98998194717271 1.07257439976477 0.76955191890923 0.807276814613258 0.797570324915216 0.804883648193718 0 0.784073793952364 0.837977644243448 0.830252163888634 0.758553416132523 0.882332499282229 0.759358557223689 0.852988034893869 0.845519662209343 0.885167518229203 0.900765421398762 0.839522229306468 0.77662584941669 0.905747812521549 0.902415228495736 0.933311208210785 0.922276082653569 0.997295939341281 1.09215717512074 0.981311649567134 1.07493586666936 0.903289772989463 1.09001314340235 1.11759584939169 1.14116513644982 1.18362299573204 1.09696215154993 1.13151833232109 1.06156879900637 1.05558126750284 1.11669249708826 1.05092179778049 1.11365127716695 1.11612000017713 1.13341074621596 1.10150754992964 1.15898392161652 1.07478699509174 1.1220030941809 1.11207722264619 1.11005040508964 1.14710366500722 1.06456894589975 1.11749134432153 1.00694342137087 1.12732806213079 1.15745192132318 1.04050793923126 1.1497579258717 1.06425320698156 1.05009339659244 1.12411246152248 1.07473938307125 1.09336645817367 1.0096214722695
"frmod_fr006" 1.02732494276349 1.0896808045267 1.05932177218176 1.08081479171391 0.924955059659066 1.04276863564695 1.08422935767837 0.861929831025042 0.925704010990095 0.920911168999245 0.961475969285207 0.784073793952364 0 0.87030570715686 0.911982285322795 0.788431651498843 1.011451417265 0.759274984824089 0.941490544560056 0.889007169337726 0.9443817691551 0.921850025245335 0.878839128709981 0.924473292243893 0.822944596001507 0.996931930096339 1.04031701043789 0.993369018626333 1.07960911110044 1.18538515318951 1.08710986415543 1.16316227693884 1.05943720206783 1.14187752191821 1.13403838459917 1.12909124660613 1.07269744796041 1.20913950058831 1.15530038400546 1.09052418778772 1.12820041786941 1.15117805075599 1.13001221572847 1.15067379964532 1.14252218848758 1.12411935511181 1.17128707982158 1.22093231642243 1.16119564154132 1.15362558304592 1.19045815754299 1.21310870238404 1.08134353270005 1.07264752500454 1.14373417514129 1.08129428671956 1.18257227677107 1.16779433970859 1.03758072409421 1.09553234222961 1.03712054009765 1.10129823958519 1.16006025883492 1.05880548381237 1.09990625948877 1.11170131052761
"frmod_fr008" 1.04237799656696 1.09596316900302 1.06968392333423 1.1037988775705 1.03336644887591 1.05220136127224 1.15496191952396 0.943159263835679 0.946013613887549 0.963774556873114 1.0030657411023 0.837977644243448 0.87030570715686 0 0.88263721410447 0.88006749789054 1.05804746381661 0.874119610283473 0.970894175933505 1.00830796005641 0.991582058609656 0.962725734951249 0.864508378377248 0.978295868054389 0.888386756521223 1.06596953081843 1.06355696873324 1.00214814097421 1.20389970994665 1.21072878515044 1.16988928671487 1.25520329804053 1.18532817794639 1.2758850242166 1.22425892136495 1.27124457860168 1.24012239808779 1.22522592860233 1.27477008368982 1.21625295887963 1.21892474341935 1.23913160004366 1.21896612610747 1.22012781430053 1.11237050662383 1.19746667594305 1.27141829009751 1.25724490856653 1.28170123805698 1.2405264834328 1.25269373817027 1.27768081740812 1.23414114340505 1.21247122200264 1.27226290917566 1.16489356358948 1.22858444668443 1.21900576777278 1.11931086071239 1.28741663785085 1.18458117078734 1.19796867114654 1.24555716310667 1.11529372789427 1.16246847226423 1.13860112769302
"frmod_fr010" 0.996545365112373 0.988366254867591 1.0030056606988 1.05036607949638 1.00600660475597 1.0090260432047 1.12663229967485 0.830001115840888 0.822786781458461 0.831732464576277 0.882175340064347 0.830252163888634 0.911982285322795 0.88263721410447 0 0.883781902085856 0.837527634745437 0.832392244617213 0.825960180638025 0.938460781689326 0.962813091926597 0.922901722105008 0.891299298637579 0.865526321594795 0.926767715962295 0.978398443875361 0.897843886196671 0.960860077435935 1.13227690808525 1.09721389369627 1.05875341039046 1.14075316812836 1.1498414150421 1.24022644987593 1.19547213789227 1.2073072493736 1.2415102385888 1.11902919187993 1.1898075577518 1.16146123956519 1.20904055392147 1.21708619606418 1.15390122802923 1.22537541524496 1.17311362035664 1.19410246221357 1.22587266195112 1.20150081676613 1.21134798977459 1.21199388891371 1.16650807278524 1.20851283307666 1.24527579307072 1.19216558105211 1.16273710867385 1.15056294289372 1.2180769499342 1.21469035178657 1.12196585173121 1.23986947545592 1.19496018823362 1.18061056656174 1.17152726523466 1.21442830085399 1.13015438168514 1.11979217545198
"frmod_fr011" 0.935540916790132 0.951220450957304 1.00040683312597 0.992483275638179 0.915672183286759 0.93778898730487 1.00837019950703 0.780403207354605 0.826020086744326 0.860571398947395 0.860919424747708 0.758553416132523 0.788431651498843 0.88006749789054 0.883781902085856 0 0.852310555578321 0.784045715368328 0.837532439088492 0.784872170592765 0.866661310755702 0.820656119286151 0.85181608456752 0.810961445004252 0.843075165441373 0.923715906801686 0.902549927711345 0.883913465769349 1.04890272136085 1.09992507867937 1.07054186988112 1.1199790826653 1.06527798660998 1.08062239558169 1.12832547180735 1.16080617287936 1.16786701924717 1.05970062437821 1.13030921233755 1.12072051931138 1.07414396485584 1.10519234649874 1.08463589528778 1.08735776004013 1.09209243928394 1.12630350985938 1.10547009416587 1.13395880254058 1.0986414463801 1.13515352476754 1.12005766052508 1.17914510711569 1.15728886663699 1.08157805799187 1.10555374834554 1.02337020981196 1.17157226902379 1.13769068915566 1.05983134709941 1.08581411973685 1.10599907908107 1.04016142204988 1.11544688852106 1.05899661801767 1.07520468852486 1.07055760760683
"frmod_fr012" 0.96494587239665 0.959360279066124 0.944317784186446 0.952507796197129 0.988841302858977 1.04428530348052 1.03206697444118 0.843924742957147 0.895877890314236 0.822398565236443 0.824619321228042 0.882332499282229 1.011451417265 1.05804746381661 0.837527634745437 0.852310555578321 0 0.825556342962234 0.824489694384246 0.855934480532115 0.908219137745206 0.902311296909178 0.905675113123119 0.78225212926007 0.951810055685211 0.846961450634206 0.297128988025518 0.826301985225615 1.10923268774961 1.10064775146203 1.0077707227074 1.13730052882306 1.13942760099494 1.12323900038135 1.11249964352434 1.18595092723118 1.19892281457111 1.10450754058273 1.100252353966 1.06537798701101 1.14211043101644 1.14959849820216 1.09647988829608 1.12214231739742 1.13863892315461 1.17351326207395 1.12011468184059 1.13066956910379 1.12959290934961 1.0888923790527 1.12426814904468 1.13421808344539 1.20579448064141 1.09802505937566 1.07849366761832 1.09924122113644 1.16240100311984 1.15278602767879 1.05704529199872 1.13885578017729 1.12126759688937 1.09646088008499 1.05176301558908 1.22499103347604 1.10198467828357 1.04195712855971
"frmod_fr013" 0.960222990247087 1.00337067943144 0.947794244252251 0.994275195820531 0.881764582917166 1.01901098720567 0.997834918075048 0.812797552197106 0.846433839975192 0.789196540722805 0.864886573843189 0.759358557223689 0.759274984824089 0.874119610283473 0.832392244617213 0.784045715368328 0.825556342962234 0 0.85006735844736 0.817550563453389 0.854817913654415 0.828303583352146 0.823395808831685 0.821455704790854 0.827538376424041 0.915785194937203 0.902685063349763 0.903099673585229 1.08471255797587 1.09745266122422 1.00467636696889 1.10070414373765 1.04821229051983 1.07627883312731 1.0754980702023 1.1022867220007 1.10406193720196 1.06642091684861 1.12689421009913 0.999339540033023 1.02205619106577 1.07767879301446 1.09175256323979 1.08806420848992 1.10459574952887 1.0647103933322 1.09669357615899 1.15304845593456 1.06827814168671 1.08998569383047 1.12056885031334 1.10751504273157 1.08706358353597 1.031552427204 1.07998924395871 1.07772406562122 1.11823823393101 1.11228836471258 1.02747794543666 1.11509661128896 1.06434090837085 1.06253379677287 1.0840184859395 1.10905810107754 1.04139363225203 1.05666142104754
"frmod_fr014" 1.02029798075179 1.02558816418661 0.992898698596427 1.02773795520267 0.980093031732779 1.05286079614338 1.04391316755963 0.868396883097436 0.93805831491059 0.881532194440781 0.892909508340539 0.852988034893869 0.941490544560056 0.970894175933505 0.825960180638025 0.837532439088492 0.824489694384246 0.85006735844736 0 0.813231383824615 0.844911135541058 0.877970332959237 0.859772169127014 0.800396662683479 0.919555242240474 0.941752065455223 0.892513679879761 0.961341090023743 1.16272818533915 1.16054630996674 1.04717962490117 1.18557969382092 1.15935114104608 1.09672951295182 1.11290075849009 1.14863679863116 1.19236709702968 1.12971943622089 1.16094231665805 1.16815917930258 1.16273835626341 1.19134322756433 1.12467601394372 1.10892480122873 1.184251032612 1.15731458857087 1.18773524249029 1.19154434925937 1.14703067158776 1.14400698288177 1.20420790798985 1.19064844985143 1.27098019273393 1.08884913594351 1.13404892592281 1.09511084324667 1.23723011788691 1.20545766280591 1.10825835183907 1.14456414371317 1.17164896523382 1.11502772943666 1.15591940284991 1.22748884901121 1.10371351395094 1.09671288846075
"frmod_fr015" 0.998213086836029 0.991449834214586 1.0134134988341 1.00101639144432 0.947731356509833 1.04347364888813 0.98687989966366 0.89663782137074 0.907430598642835 0.892239029189783 0.9006005910202 0.845519662209343 0.889007169337726 1.00830796005641 0.938460781689326 0.784872170592765 0.855934480532115 0.817550563453389 0.813231383824615 0 0.852932651738767 0.879481917669959 0.879395325101316 0.813585849013442 0.883582330956468 0.947605007241252 0.919377447621814 0.900913630436804 1.15661366071195 1.14108962782869 1.0151546123961 1.16862390562597 1.11139018854942 0.802661300793941 1.08949669461992 1.09364889252141 1.1522583913433 1.1036862157531 1.12780043853654 1.12426487528571 1.0651029271067 1.11718195466277 1.03166035748365 1.09651821131511 1.13915832220293 1.0888089498941 1.10761944786872 1.16957909138125 1.10930854326006 1.12545933364811 1.14798403702704 1.13280110377107 1.14652853551999 1.03106701607754 1.09108855961461 1.08214899768816 1.16400010027831 1.15966600665083 1.06733319375585 1.11335770288294 1.09715602448694 1.05847588092641 1.08861908528899 1.13931706736085 1.12760571991968 1.06705883542584
"frmod_fr016" 1.04645878612574 1.01822586501747 1.02171101258072 1.04925843494842 1.02925632666108 1.05608496413147 0.48585846731348 0.946123147657293 0.928575995372092 0.910629088966589 0.940693104207588 0.885167518229203 0.9443817691551 0.991582058609656 0.962813091926597 0.866661310755702 0.908219137745206 0.854817913654415 0.844911135541058 0.852932651738767 0 0.834094515877889 0.907791279399305 0.864705360636605 0.89159166958938 0.953871538650396 0.961245477780654 0.90999693492299 1.21098004177049 1.14044203100924 1.10548401277397 1.20409106044273 1.17185706524894 1.16949924161639 0.826844649308067 1.14919675513074 1.18568276123033 1.14737494794294 1.15551859364854 1.09261320208097 1.08377780140482 1.090835283241 1.14245330566163 1.04547456517731 1.14456363166385 1.10504687619345 1.15680951359661 1.17647517871199 1.1495899045439 1.14337479503871 1.1374748433859 1.19131317281454 1.22356775354687 1.07073764560128 1.10285524873333 1.09442711208394 1.2106034274098 1.17401708075714 1.09409067153109 1.11783271654406 1.17651240888363 1.05904215022926 1.08906080281031 1.18388390294847 1.07963167415267 1.13913812378549
"frmod_fr017" 0.989974381227953 1.00325121895118 0.961557102693186 1.04272531086353 0.993726904117465 0.97083381091447 0.984868500030125 0.889592137249393 0.897356381697387 0.885030671935465 0.923695509314417 0.900765421398762 0.921850025245335 0.962725734951249 0.922901722105008 0.820656119286151 0.902311296909178 0.828303583352146 0.877970332959237 0.879481917669959 0.834094515877889 0 0.810595033264892 0.83236413181422 0.923979415015797 0.992861700045043 0.950287982039041 0.8359205295305 1.18689802820975 1.12157990386405 1.07736291780311 1.21215903281573 1.16600363231863 1.15712384731882 1.14769398111593 1.17747660878439 1.20481491531485 1.12062519768891 1.1843408493009 1.15941450423702 1.0771889390431 1.11606655371677 1.09457658841567 1.15585184147723 1.12030888714182 1.07510255634571 1.15173702008378 1.20148664951809 1.15670331600131 1.09611489894077 1.20416088130111 1.18498844491229 1.19466856545127 1.11985953897634 1.16519594203445 1.05511732452089 1.22914987033918 1.22994263741554 1.11119931746784 1.14411874805793 1.13995083805559 1.11433886114824 1.12330011811815 1.1362205523253 1.0927255571436 1.11584534238765
"frmod_fr018" 1.04232203103465 1.02880012420506 0.966228119247718 1.06056573428625 0.921410409803586 1.00158469163491 1.08332046391284 0.894156399229467 0.904774127906391 0.844996023694278 0.951088323537977 0.839522229306468 0.878839128709981 0.864508378377248 0.891299298637579 0.85181608456752 0.905675113123119 0.823395808831685 0.859772169127014 0.879395325101316 0.907791279399305 0.810595033264892 0 0.865932601876439 0.941862880969219 0.984898684450904 0.947336105825144 0.965005147348414 1.15568040287413 1.11291283202035 1.03258826935684 1.19748293414721 1.10578727752846 1.14155464779782 1.14004739299061 1.15513891132663 1.1849851087456 1.15129249910801 1.20931922194441 1.12640045220481 1.17488953976963 1.14319549310041 1.12545163363602 1.1432679611843 1.14595177550549 1.15000677273591 1.21779158197325 1.22882801847382 1.17762436757365 1.17073418197435 1.18624159242955 1.19234613289521 1.18493717525973 1.11879537899544 1.14603584498917 1.13498720577701 1.23837858196717 1.21258940317036 1.08242598414745 1.16728730266528 1.11207235655689 1.14173794865358 1.18325444116424 1.12458052383399 1.12266233033045 1.13715849050126
"frmod_fr019" 0.987168893665899 0.976106761917435 0.979103683448582 0.926888501989386 0.90658766681728 1.03751348433235 1.0225569941031 0.852996201828516 0.850160361570936 0.835531558708335 0.791076787486694 0.77662584941669 0.924473292243893 0.978295868054389 0.865526321594795 0.810961445004252 0.78225212926007 0.821455704790854 0.800396662683479 0.813585849013442 0.864705360636605 0.83236413181422 0.865932601876439 0 0.931255197856014 0.877879442406386 0.852542258593916 0.863327984645988 1.14060730974557 1.11703531698981 1.03678537227769 1.13479260318929 1.10571936099907 1.11014332136092 1.13201601418155 1.14338632499371 1.22476355451632 1.09909288809354 1.11230354448273 1.08621285269328 1.10876069376563 1.16238637572052 1.08380469676842 1.15768373464661 1.12899325394014 1.13672890365041 1.1119435817509 1.12616429799447 1.1202764474389 1.1146206887213 1.10814282016141 1.06163536684093 1.22858514132705 1.08685984856796 1.06722567612061 1.08727300179694 1.14749948824411 1.15353873953518 1.0657203657572 1.18558299492879 1.1212018976898 1.11211159032758 1.08979336692189 1.182338314461 1.08865381448403 1.03843750016055
"frmod_fr020" 1.06859563737291 1.09618179116338 1.08900890155601 1.07856014803981 1.04108054909139 1.09841216481056 1.03225530149363 0.945129711975948 0.939217145588973 0.947808233258229 0.994438242579693 0.905747812521549 0.822944596001507 0.888386756521223 0.926767715962295 0.843075165441373 0.951810055685211 0.827538376424041 0.919555242240474 0.883582330956468 0.89159166958938 0.923979415015797 0.941862880969219 0.931255197856014 0 0.98546607422475 1.00910673952156 0.914869332907945 1.18918209845373 1.23670318823677 1.16893701963726 1.25597977065055 1.17571160270894 1.17872025846656 1.13919261135059 1.19372052913692 1.18336245226969 1.22307802453167 1.2047379106786 1.15426870538275 1.17253834258793 1.22619901332013 1.1770907432499 1.15822102491708 1.17188938429413 1.17162653470439 1.22234461259713 1.18566056406255 1.19766975204032 1.16646888279682 1.26198083591183 1.29926570050939 1.19912319109665 1.09321020968413 1.21187015198701 1.12406568126936 1.20681653931733 1.19405153023461 1.05120731619158 1.14512125074448 1.14213913835936 1.08819665640246 1.16933272497463 1.16031058296023 1.14746140282541 1.10208650777152
"frold_049" 1.03656562303735 1.02015144714305 1.01960824801313 1.02579617448996 1.03064989819923 1.13967154887715 1.07944528654977 0.925566684652991 0.945359874985773 0.914966044096093 0.946626500665592 0.902415228495736 0.996931930096339 1.06596953081843 0.978398443875361 0.923715906801686 0.846961450634206 0.915785194937203 0.941752065455223 0.947605007241252 0.953871538650396 0.992861700045043 0.984898684450904 0.877879442406386 0.98546607422475 0 0.89353915370771 0.863820641906595 1.1613440177565 1.17621511383108 1.09671238655703 1.21010257412405 1.18900048433107 1.16884541942573 1.16000208770502 1.22566665044697 1.2488345702162 1.19515468118113 1.14359212861448 1.18300684652205 1.15551169267248 1.23090552292851 1.19234056005746 1.20840498764962 1.14510626574822 1.16227095577504 1.16566786146106 1.16926154669645 1.20708686057185 1.1058849256243 1.20735463222794 1.15449586781722 1.211741023091 1.10084444701312 0.909873469665264 1.12889339826258 1.15194659025725 1.19283684898692 1.0847028874451 1.2162091852521 1.14458963193076 1.06607033618238 1.06318228146229 1.1875016111152 1.11384859770638 1.0749677846048
"frold_fr012" 0.911575974840777 0.914216770014546 0.919887366863426 0.891367770535209 0.975359307647723 1.0358613509015 1.00508601494496 0.913791312322363 0.942190967474423 0.883901376561451 0.874480119817722 0.933311208210785 1.04031701043789 1.06355696873324 0.897843886196671 0.902549927711345 0.297128988025518 0.902685063349763 0.892513679879761 0.919377447621814 0.961245477780654 0.950287982039041 0.947336105825144 0.852542258593916 1.00910673952156 0.89353915370771 0 0.894982210264071 1.10999543969436 1.09124576538563 1.0269751108542 1.11829070644018 1.13522575267398 1.12290040216537 1.11752022428641 1.18547481320595 1.20860137394751 1.10178383604857 1.0943305613766 1.07473597265216 1.14479950482328 1.14699968730987 1.12002444413246 1.12738592102404 1.12792093911175 1.17094577151324 1.10699539608008 1.11645262987291 1.13694791807494 1.09004057146518 1.1217802099629 1.13752480595907 1.22225430794681 1.1114932374963 1.06808156867412 1.10346223488102 1.1413303008701 1.12646466410377 1.04567191796049 1.15226231970062 1.10485417133957 1.07808669122298 1.06149017844767 1.20530216255918 1.10073746463139 1.03433019169743
"frold_fr042" 1.02160053466235 0.997025032080454 1.01380565042946 1.02653473571341 1.06875197399648 1.07465443894539 1.02544733380257 0.931429701524668 0.919088378118387 0.94708385367214 0.965639916773537 0.922276082653569 0.993369018626333 1.00214814097421 0.960860077435935 0.883913465769349 0.826301985225615 0.903099673585229 0.961341090023743 0.900913630436804 0.90999693492299 0.8359205295305 0.965005147348414 0.863327984645988 0.914869332907945 0.863820641906595 0.894982210264071 0 1.25626206492826 1.18975606835462 1.15879668003867 1.27994976169078 1.23061586135841 1.16767481624473 1.14964596345339 1.27154176287194 1.25423377841484 1.18870283799032 1.10141424363226 1.15651740770809 1.19571096133001 1.19527023039676 1.14651890873982 1.17472054632798 1.16224978342404 1.10945696741485 1.20923027872708 1.16053959263208 1.21801999875647 1.07435230391673 1.22692384424385 1.19898249655658 1.25821798013813 1.14916689680225 1.13035062128021 1.06613783155794 1.13548091982539 1.13392139982447 1.05457747819597 1.19461937572635 1.10894306856827 1.01299361603802 1.05327687220417 1.17748961880012 1.06695166656992 1.07814907562618
"qu_fr001" 0.879742620562175 1.05967073578853 1.07047069119992 1.01954606813044 0.998830004078651 1.18706032553575 1.23004989872381 0.897310304093063 1.09640807837905 1.02177030221021 1.03123509718158 0.997295939341281 1.07960911110044 1.20389970994665 1.13227690808525 1.04890272136085 1.10923268774961 1.08471255797587 1.16272818533915 1.15661366071195 1.21098004177049 1.18689802820975 1.15568040287413 1.14060730974557 1.18918209845373 1.1613440177565 1.10999543969436 1.25626206492826 0 0.957296006551201 0.932069897123343 0.800400829921537 0.950163659302642 1.10844973260624 1.08959615013579 1.11747639976633 1.15873125251873 1.01714513189656 1.0819796435346 1.02091859104485 1.07846978849031 1.13557151450651 1.06269030195369 1.07405008630376 1.07709896530883 1.18255810156118 1.07274207434706 1.05522162924992 1.08882310200012 1.10150983163773 1.05396285928769 1.05718884878155 1.18285498260921 1.05739811014074 1.03401484819256 0.972450555609961 1.06289400134329 1.10751489458677 1.05343815354373 1.10199067565012 1.0631456807474 1.05462428413331 1.02539417177593 1.03433429209665 0.984786200733178 1.00918175313212
"qu_fr002" 1.07856583210109 0.798944640759643 1.08666103024555 1.056533598697 1.11174748067292 1.12056095075586 1.14542430103097 1.0813269414651 0.877655182252317 1.09926379039856 1.07214103480789 1.09215717512074 1.18538515318951 1.21072878515044 1.09721389369627 1.09992507867937 1.10064775146203 1.09745266122422 1.16054630996674 1.14108962782869 1.14044203100924 1.12157990386405 1.11291283202035 1.11703531698981 1.23670318823677 1.17621511383108 1.09124576538563 1.18975606835462 0.957296006551201 0 1.00996130922859 0.995860793868477 1.00194496831801 1.06710208844061 0.979424949053039 1.04821584687475 1.18491472499014 0.920737009179996 0.982067895188304 1.03223350585581 0.998750779522165 1.00924154128462 1.07699489387204 0.996558175382954 0.976912036063095 1.06881595565581 1.01001622404487 1.0143414139829 1.0884572096658 1.02657367371701 0.978903860393237 1.00556577498692 1.13430635189236 1.03557496433285 0.908608645377571 0.997097312895464 1.01885561998588 1.05768315448612 0.990469781466308 1.10860227014976 1.04621435785961 0.998683747674518 0.969652389292498 1.06992857578856 0.994512027354891 0.990926028715015
"qu_fr003" 1.00977724277753 1.07945414664911 0.870325656939248 1.03579893100062 0.97263577828741 1.13095356774931 1.10333353458479 1.02430654062341 1.09078862626137 0.853424404225592 1.03659166356762 0.981311649567134 1.08710986415543 1.16988928671487 1.05875341039046 1.07054186988112 1.0077707227074 1.00467636696889 1.04717962490117 1.0151546123961 1.10548401277397 1.07736291780311 1.03258826935684 1.03678537227769 1.16893701963726 1.09671238655703 1.0269751108542 1.15879668003867 0.932069897123343 1.00996130922859 0 0.991996729292083 0.846886395734545 0.945482568474795 1.02259825338722 0.995616687926471 1.07960387267199 0.96812437890243 1.00439947330727 0.9233404906138 0.986972450753785 1.02081669621671 0.903264335513535 1.02706835680123 1.05371420438241 1.01545306478305 0.957758069543279 1.0694663833967 0.920094681945771 0.948339091812376 1.00765452938979 0.924831901457953 1.00144824571573 1.00309158687757 0.99226097548152 0.962803330273917 1.04988905083583 1.07495019850186 1.01796378712592 1.03947180023823 0.988598892849107 1.00697635939403 1.01574345507872 1.07988849046545 0.989179309417032 0.996324562290171
"qu_fr004" 1.08710066262909 1.07124911973619 1.1227678891325 0.885559857239624 1.05124747200635 1.20361110812528 1.2026308742737 1.0702584965814 1.11224625536381 1.09175171264323 0.903166466435976 1.07493586666936 1.16316227693884 1.25520329804053 1.14075316812836 1.1199790826653 1.13730052882306 1.10070414373765 1.18557969382092 1.16862390562597 1.20409106044273 1.21215903281573 1.19748293414721 1.13479260318929 1.25597977065055 1.21010257412405 1.11829070644018 1.27994976169078 0.800400829921537 0.995860793868477 0.991996729292083 0 0.994688079953411 1.12502803654108 1.07778487538401 1.12857053877911 1.2275626516073 1.01997283774957 1.08180971626787 1.04747718203426 1.105248058521 1.10694098717137 1.12686458289699 1.08168684919014 1.09097618378127 1.17082321309961 1.05843958340138 1.10594074092298 1.1281636754254 1.12411916309693 1.02308351931752 0.986853067186778 1.2286972846689 1.07552183350274 1.05565700323923 1.02429663825295 1.12183405751413 1.09937376937649 1.08937771253062 1.2068852589787 1.12463186660123 1.11763436829771 1.083069313145 1.11242010460169 1.07050782459336 1.02952571212824
"qu_fr005" 1.13784147858564 1.13589668626178 1.17649177680011 1.11071487782332 0.865816291097218 1.15354981612648 1.1877770309996 1.1248460497579 1.10757557919 1.12424109262634 1.09866960885391 0.903289772989463 1.05943720206783 1.18532817794639 1.1498414150421 1.06527798660998 1.13942760099494 1.04821229051983 1.15935114104608 1.11139018854942 1.17185706524894 1.16600363231863 1.10578727752846 1.10571936099907 1.17571160270894 1.18900048433107 1.13522575267398 1.23061586135841 0.950163659302642 1.00194496831801 0.846886395734545 0.994688079953411 0 0.905432515618835 1.02423130356746 1.00697653391877 1.05046251469622 0.978987283697002 1.06307101733421 0.900938083004966 0.940205894667256 1.01555122714993 0.866256321659141 1.02356898834793 1.02756217804671 0.992927701866602 0.980337065659333 1.07138270645557 0.946485510796939 0.996121322248327 1.0524575794212 1.05072621330957 0.998467603105258 1.01636538602508 1.00506793748315 0.973730421777539 1.05421565093809 1.00379316958748 1.0082273968609 1.0476512834204 1.01287669648196 1.00997601689257 1.06994099777767 1.0417824914804 0.98833236023661 0.978539049138536
"qu_fr015" 1.15164379779228 1.11895599131963 1.17480748963951 1.16945129641383 1.06881344383693 1.20892173730559 1.13946537469838 1.15266633250185 1.10925637574669 1.14842702854508 1.17584191029233 1.09001314340235 1.14187752191821 1.2758850242166 1.24022644987593 1.08062239558169 1.12323900038135 1.07627883312731 1.09672951295182 0.802661300793941 1.16949924161639 1.15712384731882 1.14155464779782 1.11014332136092 1.17872025846656 1.16884541942573 1.12290040216537 1.16767481624473 1.10844973260624 1.06710208844061 0.945482568474795 1.12502803654108 0.905432515618835 0 1.00884661808305 0.997658550229728 1.02972785356203 1.03598930106394 1.03204298911259 0.94732606403759 0.946262912123024 1.03407142420021 0.896541104990058 1.01589855998943 1.00981739969012 1.00961808872588 1.00740589295642 1.03352903362781 0.943378714295503 0.955868286328246 1.08155482454451 1.07414782628168 1.02023247488998 0.994638446076459 1.00918756216511 1.02013769855309 1.03026300534738 1.03256123741432 0.970920718835411 1.03600449642492 0.986920965375598 1.01730710686096 1.01299581126038 1.05823140052431 1.04446665710402 0.998342449839752
